 -0.58995456230017362       0.20299360567673227     
 -0.58998117829469365       0.20302022223306079     
 -0.59002555149413749       0.20306459636922997     
 -0.59008770172220648       0.20312674791000321     
 -0.59016765675527461       0.20320670463275831     
 -0.59026545234464201       0.20330450229026237     
 -0.59038113224590083       0.20342018464002312     
 -0.59051474825522998       0.20355380348028140     
 -0.59066636025174457       0.20370541869269002     
 -0.59083603624718806       0.20387509829175424     
 -0.59102385244175015       0.20406291848110505     
 -0.59122989328819331       0.20426896371674494     
 -0.59145425156102338       0.20449332677729015     
 -0.59169702843463357       0.20473610884140928     
 -0.59195833356790251       0.20499741957253570     
 -0.59223828519600674       0.20527737721100575     
 -0.59253701023036742       0.20557610867378770     
 -0.59285464436651247       0.20589374966194529     
 -0.59319133219845865       0.20623044477603683     
 -0.59354722734318532       0.20658634763962072     
 -0.59392249257186913       0.20696162103108418     
 -0.59431729995064531       0.20735643702399612     
 -0.59473183098925564       0.20777097713623979     
 -0.59516627679956313       0.20820543248815132     
 -0.59562083826267576       0.20866000396992038     
 -0.59609572620623086       0.20913490241854943     
 -0.59659116159071912       0.20963034880462794     
 -0.59710737570658545       0.21014657442927381     
 -0.59764461038198879       0.21068382113150660     
 -0.59820311820009997       0.21124234150644522     
 -0.59878316272938514       0.21182239913465026     
 -0.59938501876385120       0.21242426882299911     
 -0.60000897257580954       0.21304823685749419     
 -0.60065532218164019       0.21369460126840348     
 -0.60132437761880841       0.21436367210817353     
 -0.60201646123757602       0.21505577174258034     
 -0.60273190800558962       0.21577123515558266     
 -0.60347106582735921       0.21651041026838511     
 -0.60423429587703048       0.21727365827325484     
 -0.60502197294879367       0.21806135398262733     
 -0.60583448582074950       0.21887388619409645     
 -0.60667223763702549       0.21971165807192466     
 -0.60753564630603152       0.22057508754569582     
 -0.60842514491729904       0.22146460772683885     
 -0.60934118217603761       0.22238066734372655     
 -0.61028422285827022       0.22332373119616647     
 -0.61125474828484039       0.22429428063009443     
 -0.61225325681766751       0.22529281403339435     
 -0.61328026437715233       0.22631984735379984     
 -0.61433630498380232       0.22737591463994150     
 -0.61542193132265133       0.22846156860668806     
 -0.61653771533476698       0.22957738122602342     
 -0.61768424883493189       0.23072394434484469     
 -0.61886214415748331       0.23190187033121995     
 -0.62007203483259721       0.23311179275076011     
 -0.62131457629478837       0.23435436707498244     
 -0.62259044662521557       0.23563027142375456     
 -0.62390034733015665       0.23694020734407939     
 -0.62524500415866080       0.23828490062779478     
 -0.62662516796174628       0.23966510217093323     
 -0.62804161559607596       0.24108158887781989     
 -0.62949515087657382       0.24253516461318214     
 -0.63098660557886754       0.24402666120577488     
 -0.63251684049843315       0.24555693950720145     
 -0.63408674656825581       0.24712689050971687     
 -0.63569724603929478       0.24873743652677491     
 -0.63734929372650373       0.25038953243998530     
 -0.63904387832657927       0.25208416701588598     
 -0.64078202380659544       0.25382236429569027     
 -0.64256479087017193       0.25560518506076751     
 -0.64439327850091277       0.25743372837650791     
 -0.64626862558718678       0.25930913321726734     
 -0.64819201263137827       0.26123258017549023     
 -0.65016466354678837       0.26320529325889458     
 -0.65218784754723114       0.26522854178056154     
 -0.65426288113561271       0.26730364234733228     
 -0.65639113019573103       0.26943196095171768     
 -0.65857401219080303       0.27161491517058906     
 -0.66081299846925856       0.27385397646948195     
 -0.66310961666805912       0.27615067260431297     
 -0.66546545319564565       0.27850659010194262     
 -0.66788215576455412       0.28092337678833007     
 -0.67036143592628050       0.28340274431839418     
 -0.67290507154834078       0.28594647064683326     
 -0.67551490915918067       0.28855640236611013     
 -0.67819286607847529       0.29123445682955645     
 -0.68094093224962959       0.29398262397786384     
 -0.68376117170536166       0.29680296780075122     
 -0.68665572362662175       0.29969762739617722     
 -0.68962680300514534       0.30266881763814973     
 -0.69267670098245371       0.30571882952534363     
 -0.69580778499482276       0.30885003033754926     
 -0.69902249887223700       0.31206486374142722     
 -0.70232336297334952       0.31536584991580319     
 -0.70571297424679924       0.31875558558144707     
 -0.70919400583594105       0.32223674355149040     
 -0.71276920559340884       0.32581207119078542     
 -0.71644139286591968       0.32948438717574174     
 -0.72021345329381303       0.33325657633346345     
 -0.72408833213929769       0.33713158308035834     
 -0.72806902747483837       0.34111240474137100     
 -0.73215858474927298       0.34520208614769993     
 -0.73636009296740856       0.34940371558009503     
 -0.74067667947819038       0.35372041893919537     
 -0.74511149589612224       0.35815534475543298     
 -0.74966768434037989       0.36271162954944008     
 -0.75434831356991361       0.36739233343927580     
 -0.75915627845742617       0.37220033939396885     
 -0.76409415971316663       0.37713821275110959     
 -0.76916404121361348       0.38220801829374396     
 -0.77436728216138284       0.38741109247163769     
 -0.77970424550416795       0.39274777291002183     
 -0.78517399655014108       0.39821709971563979     
 -0.79077400241970841       0.40381651739151841     
 -0.79649985550228164       0.40954159510577570     
 -0.80234497906347679       0.41538572104671290     
 -0.80830018607242693       0.42133964805702179     
 -0.81435294511358214       0.42739075635809459     
 -0.82048633485786548       0.43352202972198667     
 -0.82667794611806134       0.43971100229095272     
 -0.83289928785416822       0.44592924263362038     
 -0.83911660822679091       0.45214324642609799     
 -0.84529372710927153       0.45831713536702262     
 -0.85139536969282370       0.46441574758512499     
 -0.85738855317084539       0.47040602249243951     
 -0.86324180110217874       0.47625635427466601     
 -0.86892376398729598       0.48193537288797644     
 -0.87440275655385624       0.48741138055157623     
 -0.87964646318464446       0.49265196337284600     
 -0.88462047162677726       0.49762235198328980     
 -0.88928435668075323       0.50228188492561954     
 -0.89358962150116727       0.50658248583521936     
 -0.89748338626521140       0.51047147015328165     
 -0.90091111874358232       0.51389450873013709     
 -0.90381931527782733       0.51679851017666467     
 -0.90616026740170508       0.51913628907225695     
 -0.90789841698623686       0.52087304017789104     
 -0.90902019155911207       0.52199652729834578     
 -0.90954723550765737       0.52252840704562453     
 -0.90953673591922135       0.52252437219260728     
 -0.90906474763168799       0.52205873234082056     
 -0.90820743532416126       0.52120722081348136     
 -0.90703444063290650       0.52003945182535294     
 -0.90560831108184747       0.51861804425379521     
 -0.90398546272701197       0.51699959117790184     
 -0.90221783674333622       0.51523594625629743     
 -0.90035205132520724       0.51337350143073934     
 -0.89842721927178359       0.51145137591078060     
 -0.89647485712746633       0.50950120496253515     
 -0.89452022129646636       0.50754836949435156     
 -0.89258378522813286       0.50561343319166940     
 -0.89068232738368902       0.50371321728159091     
 -0.88882950954947204       0.50186141212980262     
 -0.88703623970113510       0.50006894800993640     
 -0.88531096291574607       0.49834429505955796     
 -0.88365998136353952       0.49669379013298037     
 -0.88208786682618745       0.49512203923831499     
 -0.88059786545121777       0.49363231119835915     
 -0.87919217856249432       0.49222682019593023     
 -0.87787213151775456       0.49090690243085133     
 -0.87663830820081545       0.48967315182853233     
 -0.87549066990004365       0.48852553611755595     
 -0.87442863536399662       0.48746347780735838     
 -0.87345113043331701       0.48648590667126085     
 -0.87255663671159367       0.48559130951405149     
 -0.87174325394711050       0.48477779277205585     
 -0.87100877944918664       0.48404316171572309     
 -0.87035080125609332       0.48338501227589120     
 -0.86976678923855466       0.48280081986861750     
 -0.86925415780648774       0.48228799989369853     
 -0.86881027449356607       0.48184391528745307     
 -0.86843240500721763       0.48146582418968475     
 -0.86811762676490312       0.48115079960882617     
 -0.86786277502088605       0.48089567764632707     
 -0.86766444663242470       0.48069705932982665     
 -0.86751905423197084       0.48055136986465458     
 -0.86742297842956695       0.48045501206333402     
 -0.86737280836608976       0.48040458752830123     
 -0.86736547358543592       0.48039701589278866     
 -0.86739813941681254       0.48042944322108533     
 -0.86746799211517989       0.48049904345196104     
 -0.86757209296116056       0.48060287692311010     
 -0.86770735481021888       0.48073785952481685     
 -0.86787056556738074       0.48090077851673618     
 -0.86805838351091202       0.48108829346955767     
 -0.86826736297460860       0.48129697371826380     
 -0.86849412713345109       0.48152346926817546     
 -0.86873566181973505       0.48176478593472627     
 -0.86898953221147834       0.48201848708932071     
 -0.86925386555477824       0.48228268256867934     
 -0.86952716080641135       0.48255585520352978     
 -0.86980810632192829       0.48283668847613803     
 -0.87009552189444272       0.48312400808801054     
 -0.87038842298513031       0.48341683834046784     
 -0.87068611670686014       0.48371448712622628     
 -0.87098820869922822       0.48401654819580020     
 -0.87129447229640200       0.48432277744152769     
 -0.87160465361087380       0.48463290762085309     
 -0.87191831675291231       0.48494649632945197     
 -0.87223476503346964       0.48526284492547822     
 -0.87255301752144698       0.48558097333097849     
 -0.87287182139166419       0.48589963266467756     
 -0.87318970073593383       0.48621735413879996     
 -0.87350503862499829       0.48653252749404441     
 -0.87381614821821352       0.48684346486772129     
 -0.87412125942275543       0.48714838725061821     
 -0.87441842533914771       0.48744534262764011     
 -0.87470547172722979       0.48773216581912171     
 -0.87498010264859061       0.48800658328970214     
 -0.87524015351941431       0.48826645446434308     
 -0.87548385594702227       0.48851001895123386     
 -0.87570992443762374       0.48873597786589423     
 -0.87591742052173349       0.48894337846544578     
 -0.87610559596849713       0.48913147023589193     
 -0.87627384395647101       0.48929964172066681     
 -0.87642162802673107       0.48944733974232268     
 -0.87654829697329661       0.48957389879260149     
 -0.87665292974981157       0.48967840215449931     
 -0.87673437908239116       0.48975972222998060     
 -0.87679148120823902       0.48981671236509750     
 -0.87682324319865834       0.48984838246269924     
 -0.87682887889369732       0.48985393923754422     
 -0.87680773107479648       0.48983271833556347     
 -0.87675918516790285       0.48978410216895985     
 -0.87668262353157844       0.48970747165831996     
 -0.87657740315620547       0.48960218474173578     
 -0.87644287525361542       0.48946760486966112     
 -0.87627852781574211       0.48930324050743090     
 -0.87608420499475581       0.48910894243774544     
 -0.87586018080352845       0.48888497049272350     
 -0.87560703609534052       0.48863190061902684     
 -0.87532561587660529       0.48835058798711317     
 -0.87501711836362117       0.48804222434249617     
 -0.87468301523216119       0.48770825063659651     
 -0.87432471059817329       0.48735003555532780     
 -0.87394312414949948       0.48696846968159846     
 -0.87353834712794998       0.48656362997050767     
 -0.87310947445908360       0.48613461904155703     
 -0.87265471526672656       0.48567968731213779     
 -0.87217186470910613       0.48519668232795221     
 -0.87165889702046406       0.48468361248312702     
 -0.87111440050970590       0.48413909485649498     
 -0.87053786404802092       0.48356260094743581     
 -0.86992944003193606       0.48295421143078199     
 -0.86928920152044376       0.48231396500885410     
 -0.86861669233081085       0.48164139260094740     
 -0.86791075714717891       0.48093533743614780     
 -0.86716955609524637       0.48019399177986422     
 -0.86639089525406077       0.47941519466905269     
 -0.86557265717434417       0.47859688669316242     
 -0.86471350769780209       0.47773781442843882     
 -0.86381374263148547       0.47683827660986661     
 -0.86287534798189580       0.47590019768663094     
 -0.86190140168333951       0.47492662632156346     
 -0.86089561900478551       0.47392121519988545     
 -0.85986164269416976       0.47288754308080100     
 -0.85880242039200982       0.47182859734909371     
 -0.85772057626556986       0.47074706323813570     
 -0.85661901967228127       0.46964584303715684     
 -0.85550100630377524       0.46852820740608742     
 -0.85437022844133637       0.46739782691535225     
 -0.85323052086289808       0.46625845678193234     
 -0.85208505973644755       0.46511324936811532     
 -0.85093608343835869       0.46396447903197852     
 -0.84978520473584107       0.46281375863492946     
 -0.84863341849837526       0.46166204848190195     
 -0.84748079732349768       0.46050942894950309     
 -0.84632653823419257       0.45935511699729037     
 -0.84516921340365836       0.45819772104535822     
 -0.84400722112076398       0.45703569041066777     
 -0.84283922087689034       0.45586762760474286     
 -0.84166356284080956       0.45469180578860707     
 -0.84047758027901820       0.45350562372040021     
 -0.83927824478787783       0.45230616714730970     
 -0.83806342001083023       0.45109136694200719     
 -0.83683268551699286       0.44986082585616588     
 -0.83558755810010987       0.44861601074502694     
 -0.83433097933855493       0.44735979941013565     
 -0.83306654548129999       0.44609571706856632     
 -0.83179770132638176       0.44482716124292648     
 -0.83052720395316793       0.44355688759890260     
 -0.82925705756023482       0.44228690761018785     
 -0.82798857555728489       0.44101853436366628     
 -0.82672245308440639       0.43975250832743901     
 -0.82545927724744916       0.43848947442881908     
 -0.82420011152974804       0.43723047766465534     
 -0.82294632126606815       0.43597681794898113     
 -0.82169886911207124       0.43472942148658961     
 -0.82045798838074258       0.43348860249657101     
 -0.81922406497291234       0.43225486683703102     
 -0.81799874620801516       0.43102977451443480     
 -0.81678406451075858       0.42981519875612911     
 -0.81558092655206893       0.42861210072259959     
 -0.81438945334195767       0.42742066423898467     
 -0.81320969160946233       0.42624095238468684     
 -0.81204179571937118       0.42507307504832054     
 -0.81088548453069165       0.42391665810127077     
 -0.80973916921998768       0.42277013783371714     
 -0.80860008726073240       0.42163078531643544     
 -0.80746463184128225       0.42049497544168229     
 -0.80632821532950416       0.41935811096538850     
 -0.80518515395024992       0.41821451292573053     
 -0.80402874655186207       0.41705751587200612     
 -0.80285176646622025       0.41588000313301893     
 -0.80164761637922310       0.41467542765099569     
 -0.80041062784356065       0.41343790128425922     
 -0.79913364280321841       0.41215996305535857     
 -0.79780494890658504       0.41082999567762252     
 -0.79640968992149519       0.40943377720416002     
 -0.79493627945631706       0.40796002262628955     
 -0.79337972826149361       0.40640348553923455     
 -0.79173964141182462       0.40476368412119090     
 -0.79001870556539766       0.40304317115038285     
 -0.78822129362294180       0.40124624036441597     
 -0.78635254165240986       0.39937805852281544     
 -0.78441857769268142       0.39744476419378594     
 -0.78242654834938197       0.39545345310208330     
 -0.78038441470759190       0.39341218388699012     
 -0.77830138007419547       0.39132993982887382     
 -0.77618582178930051       0.38921491982507367     
 -0.77404348103928755       0.38707300921559945     
 -0.77187878138172905       0.38490876982802635     
 -0.76969616291669984       0.38272656174350472     
 -0.76749966542640735       0.38053047726403211     
 -0.76529335361535389       0.37832464727799353     
 -0.76308196594143762       0.37611375921297963     
 -0.76087041571780323       0.37390264838629467     
 -0.75866303599482465       0.37169566766780987     
 -0.75646367550018667       0.36949668357151971     
 -0.75427585038732048       0.36730916728183854     
 -0.75210224513397794       0.36513572819414908     
 -0.74994393517448654       0.36297742409569256     
 -0.74780013731060624       0.36083348801978726     
 -0.74566839646993799       0.35870151215893409     
 -0.74354524245128262       0.35657816612772680     
 -0.74142773391412764       0.35446063926357818     
 -0.73931484870471331       0.35234789979781195     
 -0.73720747111765383       0.35024075664368676     
 -0.73510760223142657       0.34814117091848668     
 -0.73301792683087330       0.34605185371821590     
 -0.73094197448755827       0.34397631290298392     
 -0.72888383860209471       0.34191855365134893     
 -0.72684726067652383       0.33988227069322730     
 -0.72483512952968210       0.33787039228757193     
 -0.72284985918154598       0.33588538283816333     
 -0.72089391120872914       0.33392969676067069     
 -0.71896973036497103       0.33200572922569416     
 -0.71707923174828125       0.33011536737224118     
 -0.71522349739828073       0.32825971221651257     
 -0.71340295451299540       0.32643921811404575     
 -0.71161765589554427       0.32465393925212099     
 -0.70986732676573927       0.32290359911999666     
 -0.70815135939112284       0.32118759991509982     
 -0.70646892372983894       0.31950512787113222     
 -0.70481915470426881       0.31785533262851373     
 -0.70320130648979751       0.31623746426237420     
 -0.70161470290415107       0.31465082474600409     
 -0.70005851443631872       0.31309457551487385     
 -0.69853166000168576       0.31156764942273052     
 -0.69703294758780610       0.31006887315104853     
 -0.69556127509848220       0.30859715184813108     
 -0.69411571789266113       0.30715155948367417     
 -0.69269553535552009       0.30573136438437876     
 -0.69130028224198381       0.30433614336801085     
 -0.68993003871567504       0.30296598534498664     
 -0.68858549870992192       0.30162156646904292     
 -0.68726777536442618       0.30030396970905843     
 -0.68597805932322897       0.29901436014238858     
 -0.68471732892715653       0.29775370912336852     
 -0.68348626998402562       0.29652271617170034     
 -0.68228541851601110       0.29532193320041000     
 -0.68111533041350902       0.29415191551407222     
 -0.67997658270238337       0.29301322756889553     
 -0.67886964677281247       0.29190633312039904     
 -0.67779479693080857       0.29083150354512927     
 -0.67675206748186367       0.28978876838762968     
 -0.67574120538468085       0.28877787405190719     
 -0.67476167023759059       0.28779828814039377     
 -0.67381272303725614       0.28684928242270274     
 -0.67289354424239933       0.28593004214122880     
 -0.67200327957899531       0.28503970499122716     
 -0.67114095564339304       0.28417728921344454     
 -0.67030540896199686       0.28334164679171098     
 -0.66949545916144337       0.28253162727177972     
 -0.66871021567374467       0.28174634498851092     
 -0.66794912987835631       0.28098522772098966     
 -0.66721175919301412       0.28024781920263009     
 -0.66649761561871024       0.27953364050311452     
 -0.66580624840671809       0.27884225303285470     
 -0.66513737523542915       0.27817337650762830     
 -0.66449091709722619       0.27752692975058735     
 -0.66386697873124600       0.27690301531412403     
 -0.66326581403629115       0.27630187961450708     
 -0.66268774266540353       0.27572383475579498     
 -0.66213307191722370       0.27516919028974157     
 -0.66160212602998159       0.27463828299075382     
 -0.66109537607103785       0.27413158948148642     
 -0.66061348911408180       0.27364976178308958     
 -0.66015716596286544       0.27319347908160818     
 -0.65972690465613071       0.27276322956735094     
 -0.65932288835623398       0.27235920259799801     
 -0.65894505608256160       0.27198135421639852     
 -0.65859329449455351       0.27162958618354638     
 -0.65826760216604452       0.27130389551400175     
 -0.65796807568507087       0.27100436390199051     
 -0.65769475425401802       0.27073102027820750     
 -0.65744749970350302       0.27048372384388508     
 -0.65722595090303992       0.27026210831889808     
 -0.65702946511820026       0.27006552657879701     
 -0.65685708339408144       0.26989303045607960     
 -0.65670765199790171       0.26974348615548127     
 -0.65658002738849319       0.26961575434714219     
 -0.65647312931479440       0.26950874706646472     
 -0.65638588171697088       0.26942139506231594     
 -0.65631728946455359       0.26935272094826018     
 -0.65626660264671755       0.26930196412179008     
 -0.65623316756972694       0.26926842295827641     
 -0.65621597624140293       0.26925109500847383     
 -0.65621371528603323       0.26924871730791050     
 -0.65622527656847962       0.26926020345395996     
 -0.65625000334151340       0.26928487627704251     
 -0.65628748975171325       0.26932230109522692     
 -0.65633726427780759       0.26937199479432772     
 -0.65639865574624212       0.26943329670249738     
 -0.65647089024781757       0.26950544520002617     
 -0.65655321993086491       0.26958769176462988     
 -0.65664491637880895       0.26967929703514920     
 -0.65674516567846664       0.26977944542413318     
 -0.65685304917333820       0.26988722944492549     
 -0.65696768261216654       0.27000179119786122     
 -0.65708850716312350       0.27012259372256575     
 -0.65721553496488061       0.27024965146708235     
 -0.65734935200826095       0.27038351461863391     
 -0.65749069825817330       0.27052486387705510     
 -0.65763984641530426       0.27067395976157727     
 -0.65779646585836327       0.27083051661238577     
 -0.65796012109550872       0.27099416380230118     
 -0.65813098422932514       0.27116510073800237     
 -0.65831012440865710       0.27134435547105290     
 -0.65849906037362105       0.27153337558214641     
 -0.65869898055797371       0.27173330977492571     
 -0.65891027205463371       0.27194454564396142     
 -0.65913250017002067       0.27216667077999268     
 -0.65936468546053673       0.27239875566078847     
 -0.65960588601079739       0.27263991771289886     
 -0.65985580244782127       0.27288984771985669     
 -0.66011469293123093       0.27314874777817799     
 -0.66038280037967168       0.27341683521467491     
 -0.66066005771562308       0.27369406219840975     
 -0.66094628632858754       0.27398028622028947     
 -0.66124154311074035       0.27427555681275834     
 -0.66154607683820565       0.27458010293376028     
 -0.66186014086909351       0.27489418526075871     
 -0.66218407021995807       0.27521816359980567     
 -0.66251854368142149       0.27555272682144405     
 -0.66286467247904202       0.27589895662469360     
 -0.66322369140749904       0.27625805105617968     
 -0.66359655056253364       0.27663094328261012     
 -0.66398370949340446       0.27701809499464430     
 -0.66438514415725736       0.27741949100854441     
 -0.66480046048801933       0.27783475866140012     
 -0.66522916253180575       0.27826344169332590     
 -0.66567110634934112       0.27870543687127936     
 -0.66612697694478429       0.27916145503748208     
 -0.66659853521139467       0.27963322407312147     
 -0.66708826091338924       0.28012315785393294     
 -0.66759860565552442       0.28063364758856091     
 -0.66813132870287584       0.28116643971963234     
 -0.66868734131878993       0.28172247328283556     
 -0.66926698633972803       0.28230211300752006     
 -0.66987030747339071       0.28290541606026343     
 -0.67049721580268096       0.28353230080687752     
 -0.67114757318571017       0.28418262909925762     
 -0.67182121244079063       0.28485624205669025     
 -0.67251801916317289       0.28555302986172870     
 -0.67323795715963275       0.28627293749104743     
 -0.67398088091928166       0.28701580923280512     
 -0.67474645547442458       0.28778134077536655     
 -0.67553447374603581       0.28856936067609845     
 -0.67634525538570767       0.28938020256587965     
 -0.67717981364435398       0.29021486960008552     
 -0.67803975222732138       0.29107494310729931     
 -0.67892700853644483       0.29196233410544692     
 -0.67984355249961059       0.29287899324621075     
 -0.68079118275778938       0.29382672464497073     
 -0.68177157167743152       0.29480721362355239     
 -0.68278639009118947       0.29582212811710978     
 -0.68383729368906243       0.29687311897878743     
 -0.68492587666492988       0.29796178067774337     
 -0.68605365319908118       0.29908961344015089     
 -0.68722187702918092       0.30025783087812252     
 -0.68843110530992635       0.30146695609775326     
 -0.68968084154547538       0.30271650236042641     
 -0.69096964961319218       0.30400508444045249     
 -0.69229573585287796       0.30533097750642502     
 -0.69365773763066396       0.30669287620888386     
 -0.69505536713882554       0.30809050621957634     
 -0.69648956802239115       0.30952478134348793     
 -0.69796220867687586       0.31099753663874896     
 -0.69947567650599574       0.31251112190498193     
 -0.70103242314178271       0.31406794043527991     
 -0.70263438704374059       0.31566987261732465     
 -0.70428234125960998       0.31731765765481001     
 -0.70597553981497463       0.31901057999526483     
 -0.70771205714812013       0.32074678855423500     
 -0.70948960148408957       0.32252404310964511     
 -0.71130604268557718       0.32434017292124195     
 -0.71315897479403378       0.32619268408163210     
 -0.71504483271423569       0.32807801808437920     
 -0.71695899011668651       0.32999166862528695     
 -0.71889698572426619       0.33192925264066364     
 -0.72085544228602905       0.33388740346679563     
 -0.72283223620060910       0.33586396984290251     
 -0.72482614215260466       0.33785765730886347     
 -0.72683615348953323       0.33986745805961577     
 -0.72886140659989263       0.34189253228639860     
 -0.73090131417080906       0.34393223413690199     
 -0.73295498283659366       0.34598561020934632     
 -0.73502054308734777       0.34805077966280601     
 -0.73709507641177863       0.35012490253145473     
 -0.73917551160452499       0.35220503183553231     
 -0.74125994563164477       0.35428930114749291     
 -0.74334811190812666       0.35637742387239174     
 -0.74544132962549892       0.35847076961364382     
 -0.74754283063212745       0.36057249764144311     
 -0.74965694787232984       0.36268676867437255     
 -0.75178717126269889       0.36481690793622035     
 -0.75393438991995843       0.36696381596400063     
 -0.75609693471506600       0.36912592994193399     
 -0.75827155679229852       0.37130001672498875     
 -0.76045420749992831       0.37348233812229514     
 -0.76264324321314170       0.37567146569077436     
 -0.76484146203550385       0.37786991314408896     
 -0.76705354086056898       0.38008215226846337     
 -0.76928344475175270       0.38231198986108922     
 -0.77153259146267861       0.38456078664497367     
 -0.77379944154421676       0.38682721054343822     
 -0.77608117924267406       0.38910837211523547     
 -0.77837332949072702       0.39139976062038501     
 -0.78066945189801906       0.39369506542164456     
 -0.78296237037503724       0.39598715144589125     
 -0.78524456657872210       0.39826841765278348     
 -0.78750755507950010       0.40053043111088277     
 -0.78974226341389431       0.40276416260187053     
 -0.79193941885245200       0.40496029010319834     
 -0.79408958542315500       0.40710968329320729     
 -0.79618633313655385       0.40920616718194952     
 -0.79822849600491796       0.41124818952520531     
 -0.80021634735193081       0.41323560830023387     
 -0.80214735010929550       0.41516602039700923     
 -0.80401736852056516       0.41703567815307729     
 -0.80582462849146141       0.41884292262425338     
 -0.80757126604807794       0.42058979079817155     
 -0.80926203639441330       0.42228077378113194     
 -0.81090193638786101       0.42392092608332654     
 -0.81249605112267864       0.42551517248538295     
 -0.81404780703897095       0.42706662069878687     
 -0.81555587455125389       0.42857408488856569     
 -0.81701597928111347       0.43003389795389169     
 -0.81842668005586561       0.43144459380715455     
 -0.81978926961738052       0.43280694080907461     
 -0.82110260290353776       0.43411959872828415     
 -0.82236114645869030       0.43537749181716490     
 -0.82355947875203928       0.43657555404325449     
 -0.82469600362759521       0.43771193108107603     
 -0.82577054718999288       0.43878625929491910     
 -0.82678315678446357       0.43979898984331872     
 -0.82773591784632317       0.44075142417760449     
 -0.82862675001892305       0.44164158026350303     
 -0.82944962629348740       0.44246392839669751     
 -0.83019946316377591       0.44321344508743493     
 -0.83087348612818257       0.44388742112801294     
 -0.83147225253590906       0.44448663466309513     
 -0.83200169361449938       0.44501697998943873     
 -0.83247258047207895       0.44548880037527516     
 -0.83289603624657105       0.44591293196640308     
 -0.83328059990203041       0.44629803247237476     
 -0.83363248237946774       0.44664998905400283     
 -0.83395252692056543       0.44696944500168040     
 -0.83423485532744179       0.44725115050455150     
 -0.83447297657631969       0.44748905464069744     
 -0.83466451425176635       0.44768055186455047     
 -0.83480874888322165       0.44782435269343396     
 -0.83490116015036431       0.44791602759235993     
 -0.83493405203614157       0.44794834326631794     
 -0.83490126814544585       0.44791527510965479     
 -0.83479934615487739       0.44781294578513670     
 -0.83462365321865395       0.44763664457399688     
 -0.83436786899444215       0.44738063777046366     
 -0.83402942908642752       0.44704250955609026     
 -0.83361152976905939       0.44662519883793822     
 -0.83312015946414586       0.44613418987702519     
 -0.83255910451066595       0.44557328812185526     
 -0.83193039277843572       0.44494518873386890     
 -0.83124071525998011       0.44425674913400420     
 -0.83050333287604583       0.44352072307362400     
 -0.82973279018833745       0.44275110869103662     
 -0.82893949510637843       0.44195847420859369     
 -0.82813045602915047       0.44114985690030034     
 -0.82730960845938351       0.44032901397920071     
 -0.82647647828994919       0.43949564106716715     
 -0.82562768087477290       0.43864654228586425     
 -0.82475916136968241       0.43777781031614571     
 -0.82386796167047571       0.43688660376059446     
 -0.82295329665030870       0.43597200101707417     
 -0.82201507028914667       0.43503367406295246     
 -0.82105153659226138       0.43406989804890517     
 -0.82005920974530222       0.43307727963932635     
 -0.81903403601936409       0.43205193576307455     
 -0.81797326761215750       0.43099128386887792     
 -0.81687749749654559       0.42989606368641026     
 -0.81575192404156294       0.42877128737229603     
 -0.81460463816117457       0.42762484248164334     
 -0.81344425005115062       0.42646520814090078     
 -0.81227841157838776       0.42529999267595509     
 -0.81111317626522406       0.42413522849466162     
 -0.80995302137380132       0.42297554380800867     
 -0.80880238660246395       0.42182546830868817     
 -0.80766646910414375       0.42069001075920431     
 -0.80654945490692254       0.41957322828770044     
 -0.80545311209296677       0.41847691173498103     
 -0.80437666588393730       0.41740019210240897     
 -0.80331601059327196       0.41633899589454892     
 -0.80226425755045383       0.41528675850201330     
 -0.80121527523320180       0.41423767074189621     
 -0.80016684329670862       0.41318934567409582     
 -0.79911922334187835       0.41214177204323149     
 -0.79807211233083986       0.41109453122610895     
 -0.79702360816981499       0.41004599095746591     
 -0.79597272019666010       0.40899531023804470     
 -0.79492109363112884       0.40794408993954706     
 -0.79387300026780017       0.40689671494174451     
 -0.79283609276071487       0.40586067985651592     
 -0.79181970962973369       0.40484505467261922     
 -0.79083225111695077       0.40385824076785876     
 -0.78988035296688153       0.40290661883893086     
 -0.78896673001452766       0.40199295154405373     
 -0.78809070871482678       0.40111687289942399     
 -0.78725121849836499       0.40027732314770381     
 -0.78644715399036846       0.39947306138079303     
 -0.78567629580798137       0.39870198180358696     
 -0.78493600970100041       0.39796135585736886     
 -0.78422213087656401       0.39724679949319236     
 -0.78352747600541195       0.39655155767825712     
 -0.78284542025153603       0.39586905516931031     
 -0.78217044647411815       0.39519334405626777     
 -0.78149399263866204       0.39451585193651595     
 -0.78080489136965547       0.39382615864336412     
 -0.78009630591902179       0.39311751426873542     
 -0.77936728209386563       0.39238869511645597     
 -0.77862014546477087       0.39164189606462158     
 -0.77785837045877737       0.39088026302570839     
 -0.77708317778016023       0.39010484892909997     
 -0.77629177961407780       0.38931311324073631     
 -0.77548015264428549       0.38850149465887895     
 -0.77464778184255922       0.38766957188450230     
 -0.77379915117324560       0.38682174427729410     
 -0.77294253052407014       0.38596592903295812     
 -0.77208650719776784       0.38511063270131846     
 -0.77123923173122455       0.38426425461330099     
 -0.77040988743317118       0.38343548696902907     
 -0.76960421404429036       0.38262980816656800     
 -0.76882200242058674       0.38184744331151915     
 -0.76806074508876165       0.38108594435362331     
 -0.76731698086148037       0.38034189767904913     
 -0.76658680720010008       0.37961145993575818     
 -0.76586634283721278       0.37889064737993716     
 -0.76515092628844628       0.37817487157809571     
 -0.76443595730470304       0.37745975314008667     
 -0.76371914312367961       0.37674310361808350     
 -0.76300184061316589       0.37602628009518091     
 -0.76228861784885105       0.37531347225974815     
 -0.76158325156472462       0.37460809567957409     
 -0.76088485133679995       0.37390927597799140     
 -0.76018799051263508       0.37321190162311896     
 -0.75948579838088826       0.37250920113510194     
 -0.75877115575334919       0.37179391995002253     
 -0.75803559555810185       0.37105763389171659     
 -0.75726971499410123       0.37029112163989997     
 -0.75646516819759380       0.36948621981785956     
 -0.75561695223996428       0.36863815457759075     
 -0.75472594220037326       0.36774789443094552     
 -0.75379980201209951       0.36682290538517193     
 -0.75285080435215646       0.36587508924476125     
 -0.75189138870187056       0.36491641444853101     
 -0.75092918227026062       0.36395442671516487     
 -0.74996597508439322       0.36299121025139536     
 -0.74900078043570251       0.36202604066395538     
 -0.74803274367286032       0.36105811694638595     
 -0.74706204708214030       0.36008762131793198     
 -0.74608973649163923       0.35911545886178753     
 -0.74511635633386608       0.35814213315338350     
 -0.74414165143396693       0.35716756905219937     
 -0.74316605915001455       0.35619212347544404     
 -0.74218992635994396       0.35521594873593765     
 -0.74121185210058316       0.35423782060605125     
 -0.74023019380911736       0.35325622368868836     
 -0.73924448837862777       0.35227064615127418     
 -0.73825506819989539       0.35128134684482459     
 -0.73726222558112886       0.35028856543064846     
 -0.73626565968746638       0.34929204112334672     
 -0.73526499486248154       0.34829152769881294     
 -0.73426096328455348       0.34728771154173627     
 -0.73325492841405082       0.34628181072808017     
 -0.73224767724717166       0.34527472268580411     
 -0.73124017854203938       0.34426744619354599     
 -0.73023416469475078       0.34326177205954000     
 -0.72923278531970237       0.34226090288083971     
 -0.72824094821343333       0.34126957206443659     
 -0.72726363846635211       0.34029264683411459     
 -0.72630468068199383       0.33933401568750871     
 -0.72536722584359248       0.33839687423320997     
 -0.72445424546727155       0.33748417677753345     
 -0.72356847967410087       0.33659872226396392     
 -0.72271313933172310       0.33574380118877295     
 -0.72189232458542441       0.33492328709661789     
 -0.72110906727130020       0.33414016062911828     
 -0.72036449702316840       0.33339557390577712     
 -0.71965806634406337       0.33268901072873436     
 -0.71898797650780999       0.33201875948369680     
 -0.71835212697695472       0.33138277002508471     
 -0.71774849131407314       0.33077890347597377     
 -0.71717420087974471       0.33020430938687390     
 -0.71662559852252150       0.32965541593972625     
 -0.71609913424000282       0.32912872034790941     
 -0.71559205892857236       0.32862154880633415     
 -0.71510305875860769       0.32813249983845366     
 -0.71463122786709421       0.32766046544465760     
 -0.71417428326672927       0.32720329859789349     
 -0.71372965407216526       0.32675853591178039     
 -0.71329557197555460       0.32632431687730451     
 -0.71287033917331133       0.32589893473783865     
 -0.71245233363597149       0.32548091124122253     
 -0.71204134146575937       0.32507006676719108     
 -0.71163920196026675       0.32466828764475109     
 -0.71125011209404121       0.32427964899100775     
 -0.71087910031835344       0.32390886462251406     
 -0.71052894144248335       0.32355871659202917     
 -0.71020028432309412       0.32323018297047612     
 -0.70989461625756412       0.32292469939599638     
 -0.70961401561091120       0.32264411861527109     
 -0.70935873765173885       0.32238858992446578     
 -0.70912616266740913       0.32215564047272527     
 -0.70891207326249916       0.32194112555800891     
 -0.70871165883937037       0.32174031748053317     
 -0.70852078266286744       0.32154933104423217     
 -0.70833839886162198       0.32136710297643700     
 -0.70816640552372323       0.32119527593314223     
 -0.70800714200572479       0.32103611356131251     
 -0.70786252281132644       0.32089168569478876     
 -0.70773565228734525       0.32076524161610492     
 -0.70763205787952066       0.32066206165089689     
 -0.70755699471322797       0.32058700044269273     
 -0.70751154385727355       0.32054125104797998     
 -0.70749345598715230       0.32052285181649776     
 -0.70750004405668154       0.32052914648167541     
 -0.70752879127766799       0.32055757239194144     
 -0.70757697311028667       0.32060540954380246     
 -0.70764142235531313       0.32066938155609548     
 -0.70771758785498229       0.32074498184415107     
 -0.70779987276309042       0.32082669721226525     
 -0.70788282383411527       0.32090935213166755     
 -0.70796435810103042       0.32099118270655735     
 -0.70804841622620118       0.32107568334863323     
 -0.70814082419497282       0.32116830905352084     
 -0.70824518134179959       0.32127263421967922     
 -0.70836203271424525       0.32138913552361714     
 -0.70848826562747902       0.32151473277976700     
 -0.70861760890513825       0.32164339464809655     
 -0.70874342928791279       0.32176886608800709     
 -0.70886269073510744       0.32188818624781418     
 -0.70897664167350016       0.32200225611531663     
 -0.70908753065061192       0.32211320236944918     
 -0.70919694932084743       0.32222264295923753     
 -0.70930616871847774       0.32233197809385317     
 -0.70941722468558033       0.32244317100533260     
 -0.70953224622151023       0.32255819010908793     
 -0.70965189187775168       0.32267771686151070     
 -0.70977544476285148       0.32280110491347991     
 -0.70990175243482645       0.32292733184962241     
 -0.71003040463725919       0.32305590391860645     
 -0.71016087287055141       0.32318608693505274     
 -0.71029072590091658       0.32331563056142992     
 -0.71041751844244228       0.32344242208621610     
 -0.71054190909085757       0.32356698005401197     
 -0.71066641626128357       0.32369152171743965     
 -0.71079230211395483       0.32381725532878336     
 -0.71091882202581558       0.32394359083433394     
 -0.71104505765543147       0.32406989633327765     
 -0.71117280865564303       0.32419797780033749     
 -0.71130657677757159       0.32433198577413314     
 -0.71145007413451922       0.32447548477002275     
 -0.71160453205195040       0.32462984859859978     
 -0.71176993096358510       0.32479514602904702     
 -0.71194609156413546       0.32497124101923014     
 -0.71213329847449014       0.32515846463988807     
 -0.71233266455287825       0.32535788136650173     
 -0.71254583679142458       0.32557116231729305     
 -0.71277500841991837       0.32580040769548857     
 -0.71302184258798318       0.32604707607531658     
 -0.71328529934954676       0.32631001560216233     
 -0.71356044690797660       0.32658444198946912     
 -0.71384057655362243       0.32686420176915448     
 -0.71412273864996734       0.32714650595243155     
 -0.71440976131607559       0.32743392774932256     
 -0.71470745111848188       0.32773185716987818     
 -0.71501993870035097       0.32804415337232551     
 -0.71534670993044847       0.32837039324930672     
 -0.71568350629939259       0.32870664339795097     
 -0.71602598333864487       0.32904888666574306     
 -0.71637308731335680       0.32939600021938786     
 -0.71672637506321057       0.32974922517349897     
 -0.71708694615163182       0.33010963263553345     
 -0.71745484301127194       0.33047739189520881     
 -0.71783052212900955       0.33085313460922100     
 -0.71821656951211554       0.33123936046047742     
 -0.71861628966805735       0.33163882594728750     
 -0.71902857960018052       0.33205043285520286     
 -0.71944761950000746       0.33246870577096121     
 -0.71986616817527160       0.33288644017194224     
 -0.72027623641404159       0.33329560396856112     
 -0.72066922790722165       0.33368802533414182     
 -0.72104080183716013       0.33405996796980297     
 -0.72139606558701774       0.33441595006234298     
 -0.72174462792295524       0.33476514623329839     
 -0.72209510677708910       0.33511582705429027     
 -0.72245091347639356       0.33547116131770971     
 -0.72280866435053526       0.33582844608339318     
 -0.72316404735363837       0.33618341638797716     
 -0.72351297035675644       0.33653175870027074     
 -0.72385005078635767       0.33686840637612925     
 -0.72417115611928884       0.33718925850576376     
 -0.72447406153889393       0.33749193826789597     
 -0.72475728420498553       0.33777515570272426     
 -0.72502223355126838       0.33804063956005781     
 -0.72527561848124289       0.33829458885018565     
 -0.72552474342538587       0.33854396337408443     
 -0.72577381177449718       0.33879311655452105     
 -0.72602468167893019       0.33904384878010241     
 -0.72627686742066688       0.33929580154285277     
 -0.72652893146748110       0.33954779517722966     
 -0.72678110158814835       0.33980011266308408     
 -0.72703588669465613       0.34005510636072656     
 -0.72729652494148977       0.34031585138394976     
 -0.72756488491845994       0.34058402706121177     
 -0.72784004034234506       0.34085893665255462     
 -0.72811970390128788       0.34113815228313449     
 -0.72839977436305703       0.34141776004338248     
 -0.72867571904730755       0.34169330521558011     
 -0.72894362191584461       0.34196080181063920     
 -0.72919975438779738       0.34221666080083435     
 -0.72944172741346291       0.34245846938144114     
 -0.72966806224664638       0.34268446544078968     
 -0.72987537924476897       0.34289115097595657     
 -0.73005683785295505       0.34307168536533011     
 -0.73020224556542113       0.34321606601459359     
 -0.73030015479202381       0.34331311845481521     
 -0.73034111023803372       0.34335374215252862     
 -0.73032165092717372       0.34333473598895758     
 -0.73024682718485301       0.34326082425600990     
 -0.73012667298639633       0.34314150947685973     
 -0.72997123902788275       0.34298701500414369     
 -0.72979094152297375       0.34280755538155377     
 -0.72959505491885479       0.34261232573247491     
 -0.72939057505067517       0.34240827123060713     
 -0.72918145516148225       0.34219920521780101     
 -0.72896779819867452       0.34198554066097520     
 -0.72874887063071503       0.34176680671005399     
 -0.72852610307747356       0.34154446106331310     
 -0.72830356300350862       0.34132245146910206     
 -0.72808654376260584       0.34110583642827164     
 -0.72787911755800816       0.34089859310456827     
 -0.72768279707862704       0.34070218004104685     
 -0.72749595615919271       0.34051499415437064     
 -0.72731412332957168       0.34033270212738942     
 -0.72713177709422472       0.34015014976673436     
 -0.72694631205359350       0.33996492854276827     
 -0.72675940690778695       0.33977814585435168     
 -0.72657154936337576       0.33958993785173253     
 -0.72637834550607772       0.33939626003746565     
 -0.72617411086973249       0.33919194064928987     
 -0.72595710844894390       0.33897519590298952     
 -0.72572935981124831       0.33874767584985432     
 -0.72549279965842273       0.33851113974545977     
 -0.72524770855941068       0.33826627980586227     
 -0.72499626222947411       0.33801526528318310     
 -0.72474261553125574       0.33776191381042958     
 -0.72448985393801280       0.33750938419184889     
 -0.72424023603790622       0.33725994724432234     
 -0.72399488204032436       0.33701438553813995     
 -0.72375105325990630       0.33677021905664550     
 -0.72350474056956537       0.33652389063057297     
 -0.72325488572780827       0.33627411144049318     
 -0.72300157879897053       0.33602074369676482     
 -0.72274352091683924       0.33576246008095278     
 -0.72247738634429048       0.33549592012920593     
 -0.72219774440268703       0.33521578007149416     
 -0.72189859435212989       0.33491651883500084     
 -0.72157772491729544       0.33459580207183426     
 -0.72123536017488410       0.33425325078562740     
 -0.72086879012937721       0.33388641232014704     
 -0.72047448504415434       0.33349223241893955     
 -0.72005312780138597       0.33307149361342619     
 -0.71961090634908342       0.33263017713137250     
 -0.71915724240922374       0.33217736504516654     
 -0.71870092147249542       0.33172157038234817     
 -0.71824736663648359       0.33126836376076629     
 -0.71779980954351918       0.33082110892122379     
 -0.71736085857347798       0.33038244915251208     
 -0.71693301601569803       0.32995490289943386     
 -0.71651889830074533       0.32954108720764974     
 -0.71612111973621728       0.32914350073577919     
 -0.71574093720482723       0.32876322163954919     
 -0.71537666437741643       0.32839872160486022     
 -0.71502526432822744       0.32804719732382009     
 -0.71468435530038632       0.32770607655787293     
 -0.71435106087837952       0.32737262688814728     
 -0.71402344404649032       0.32704519209291771     
 -0.71370314807199997       0.32672533241717649     
 -0.71339510323054889       0.32641795204740298     
 -0.71310663239342464       0.32613005433092584     
 -0.71284410096869322       0.32586773318283874     
 -0.71261001769620980       0.32563357492484857     
 -0.71240353927309108       0.32542688923242669     
 -0.71222255951925895       0.32524592288953852     
 -0.71206737662331665       0.32509107793681769     
 -0.71194164421797357       0.32496564834233782     
 -0.71184904720756403       0.32487316565092789     
 -0.71179131985438715       0.32481538496409412     
 -0.71176865823324587       0.32479272417663863     
 -0.71178152112530479       0.32480547601503046     
 -0.71182904794376789       0.32485251323597525     
 -0.71190660256917304       0.32492940910126628     
 -0.71200782314123012       0.32503016475490343     
 -0.71212837677565255       0.32515050415051938     
 -0.71226665385017651       0.32528860839491330     
 -0.71242162525811048       0.32544328476439127     
 -0.71259110185236263       0.32561240630451560     
 -0.71277211433231891       0.32579302191360987     
 -0.71296084619301225       0.32598113281350710     
 -0.71315116784330246       0.32617074575307231     
 -0.71333593417197283       0.32635497599984964     
 -0.71350990386878721       0.32652878715031119     
 -0.71367207139793420       0.32669118916702605     
 -0.71382554462854442       0.32684488922307559     
 -0.71397323923433031       0.32699238974052169     
 -0.71411383500356163       0.32713262406678051     
 -0.71424426575248579       0.32726294812918705     
 -0.71436343723590290       0.32738194384533642     
 -0.71447012142941146       0.32748849218155490     
 -0.71456388883725563       0.32758250716017079     
 -0.71464787734421154       0.32766672717673712     
 -0.71472519700258763       0.32774398499986057     
 -0.71479605603440100       0.32781472807247147     
 -0.71486004746357090       0.32787882705997196     
 -0.71491897043463037       0.32793794781107494     
 -0.71497518193676968       0.32799390727447558     
 -0.71502636985159862       0.32804439361888565     
 -0.71506556009195199       0.32808302766710551     
 -0.71508723337482816       0.32810467886564837     
 -0.71509132142036369       0.32810899454483494     
 -0.71508081726206307       0.32809870486589526     
 -0.71505843566277993       0.32807634075511871     
 -0.71502489329220420       0.32804278203618908     
 -0.71498025130922049       0.32799820447569716     
 -0.71492562294427786       0.32794394691143935     
 -0.71486581197417753       0.32788500359773665     
 -0.71481034905212437       0.32783022516343496     
 -0.71476678446263886       0.32778666736355788     
 -0.71473583510519012       0.32775551135270631     
 -0.71471524523405838       0.32773465179161415     
 -0.71470148899528296       0.32772029084661564     
 -0.71468797010913265       0.32770614961171207     
 -0.71466771346513991       0.32768545696587198     
 -0.71463566644653409       0.32765314474514690     
 -0.71458933675467129       0.32760705237061816     
 -0.71453165156179244       0.32754998512397426     
 -0.71446902468336393       0.32748751718860847     
 -0.71440354883726020       0.32742178732516042     
 -0.71433256853671567       0.32735050280746664     
 -0.71425224331800774       0.32726978262535955     
 -0.71415785075807270       0.32717504359821259     
 -0.71404552577431124       0.32706278827550733     
 -0.71391595955524090       0.32693374373617601     
 -0.71377477228892849       0.32679319307678811     
 -0.71362894944919120       0.32664777525015959     
 -0.71348308680452188       0.32650205175054969     
 -0.71333862730699582       0.32635748420788824     
 -0.71319391474163141       0.32621239812205088     
 -0.71304457127491194       0.32606274358585835     
 -0.71288692516852570       0.32590519754372871     
 -0.71272178592766100       0.32574055828039833     
 -0.71255426887265527       0.32557355097159046     
 -0.71238961608986229       0.32540905470232229     
 -0.71222928228423465       0.32524851172598346     
 -0.71207039198904343       0.32508913973763603     
 -0.71190693292526552       0.32492518336035831     
 -0.71173294893735095       0.32475108642402056     
 -0.71154610256084572       0.32456424167368658     
 -0.71134562935268986       0.32436375493796193     
