 -0.57745045290471830       0.20485953755149852       0.41110531102812414     
 -0.57747086097393663       0.20487995113803426       0.41110531102812420     
 -0.57750497361333208       0.20491407314721746       0.41110531102812420     
 -0.57755294237357746       0.20496205540416365       0.41110531102812442     
 -0.57761498514807685       0.20502411621130684       0.41110531102812409     
 -0.57769139233422384       0.20510054653682744       0.41110531102812409     
 -0.57778253541434532       0.20519171863565155       0.41110531102812409     
 -0.57788887854381732       0.20529809769534146       0.41110531102812409     
 -0.57801099399359346       0.20542025736207464       0.41110531102812425     
 -0.57814958266734440       0.20555890037877853       0.41110531102812425     
 -0.57830550146158044       0.20571488612338526       0.41110531102812403     
 -0.57847980006716881       0.20588926767694385       0.41110531102812420     
 -0.57867377109743146       0.20608334235945139       0.41110531102812409     
 -0.57888901947901539       0.20629872175986425       0.41110531102812420     
 -0.57912756040578883       0.20653743072067240       0.41110531102812431     
 -0.57939196085300271       0.20680205056878315       0.41110531102812425     
 -0.57968554964729935       0.20709593215284736       0.41110531102812425     
 -0.58001273935967335       0.20742352308746531       0.41110531102812409     
 -0.58037953825298205       0.20779088983680249       0.41110531102812425     
 -0.58079440107286850       0.20820658883275125       0.41110531102812436     
 -0.58126971888596690       0.20868319989377107       0.41110531102812436     
 -0.58182459722524105       0.20924020540323929       0.41110531102812442     
 -0.58249044601598854       0.20990983651514555       0.41110531102812420     
 -0.58332330585960457       0.21075011432622628       0.41110531102812420     
 -0.58443400451290883       0.21187710854720987       0.41110531102812414     
 -0.58606748583392987       0.21354806961005865       0.41110531102812425     
 -0.58872660079203565       0.21620149447487053       0.41110531102812414     
 -0.59120830906382638       0.21790457214557740       0.41110531102812436     
 -0.58946941630056704       0.21688502363380285       0.41110531102812436     
 -0.58828356363982137       0.21567660229481830       0.41110531102812414     
 -0.58815001290386915       0.21551931902512439       0.41110531102812431     
 -0.58873926116375408       0.21611256242528068       0.41110531102812409     
 -0.59010872282110749       0.21751420105082109       0.41110531102812436     
 -0.59265327350175356       0.22001372214340842       0.41110531102812431     
 -0.59468134045517418       0.22137811891781461       0.41110531102812420     
 -0.59298625730315213       0.22028785724483579       0.41110531102812420     
 -0.59216190008945335       0.21944992461023718       0.41110531102812425     
 -0.59265204402028349       0.21994973526804520       0.41110531102812436     
 -0.59459313435316441       0.22192617530250924       0.41110531102812414     
 -0.59730412370175001       0.22368376356512223       0.41110531102812425     
 -0.59512952103903027       0.22250129921336895       0.41110531102812414     
 -0.59337698777801351       0.22070937085594339       0.41110531102812431     
 -0.59283039417121752       0.22012438294747996       0.41110531102812403     
 -0.59295258769257930       0.22023549345523499       0.41110531102812425     
 -0.59357732402465058       0.22086366210004008       0.41110531102812436     
 -0.59475695414135477       0.22206137834851986       0.41110531102812414     
 -0.59674860594131962       0.22407029102700393       0.41110531102812436     
 -0.59950800622233269       0.22649751388177072       0.41110531102812442     
 -0.59988492114548919       0.22709480974076224       0.41110531102812420     
 -0.59902096608492139       0.22641352834486811       0.41110531102812403     
 -0.59950726267646504       0.22689480377910093       0.41110531102812420     
 -0.60127529142316594       0.22847216465882339       0.41110531102812431     
 -0.60182533839230934       0.22884887493952377       0.41110531102812425     
 -0.60021897617268694       0.22754806887387954       0.41110531102812403     
 -0.59933001865804947       0.22664947718776815       0.41110531102812425     
 -0.59927248884418871       0.22657852696227154       0.41110531102812420     
 -0.59985862286690828       0.22716839043661305       0.41110531102812431     
 -0.60114319576266784       0.22847898956651694       0.41110531102812431     
 -0.60348084949785119       0.23083142384758976       0.41110531102812420     
 -0.60632559705212419       0.23300868877960992       0.41110531102812420     
 -0.60531572176353143       0.23270959747047520       0.41110531102812431     
 -0.60421694790876157       0.23163481595525981       0.41110531102812448     
 -0.60434749659463427       0.23174240907248356       0.41110531102812425     
 -0.60542910194603772       0.23283550696502883       0.41110531102812431     
 -0.60762345754476299       0.23506853512517109       0.41110531102812425     
 -0.61108389399186369       0.23811781959544526       0.41110531102812392     
 -0.61153142080901890       0.23896873260034002       0.41110531102812409     
 -0.61072970619693057       0.23830096862036440       0.41110531102812409     
 -0.61148903713747238       0.23898160608584762       0.41110531102812414     
 -0.61287676002124980       0.24019782379000557       0.41110531102812420     
 -0.61341449825190508       0.24082202671022809       0.41110531102812414     
 -0.61368422544540735       0.24119683083167920       0.41110531102812436     
 -0.61477827490939430       0.24224902932696607       0.41110531102812420     
 -0.61611485042977798       0.24336564536208455       0.41110531102812409     
 -0.61603564388505894       0.24346281882464368       0.41110531102812431     
 -0.61568081330192825       0.24319876808810045       0.41110531102812436     
 -0.61616431444703867       0.24369206916859132       0.41110531102812453     
 -0.61766426376704620       0.24521592009570917       0.41110531102812420     
 -0.62050028304498828       0.24805672468824719       0.41110531102812420     
 -0.62390241814781522       0.25076345694330526       0.41110531102812414     
 -0.62363797683723332       0.25121575148461700       0.41110531102812436     
 -0.62383275202835942       0.25142255573944250       0.41110531102812409     
 -0.62559346166564578       0.25315742437053229       0.41110531102812436     
 -0.62860181251970049       0.25610806162984068       0.41110531102812414     
 -0.63208232199925651       0.25937808518726990       0.41110531102812425     
 -0.63453728533109433       0.26199756556244819       0.41110531102812436     
 -0.63686985323838463       0.26416712849598245       0.41110531102812425     
 -0.63752788682857586       0.26457276958530379       0.41110531102812420     
 -0.63498897407238719       0.26254060457736850       0.41110531102812448     
 -0.63306364679994642       0.26065709345229005       0.41110531102812431     
 -0.63267485083008279       0.26023995897440844       0.41110531102812431     
 -0.63347126479218807       0.26102026357553360       0.41110531102812436     
 -0.63525818893763486       0.26279935570358698       0.41110531102812420     
 -0.63800851171753381       0.26554579217465629       0.41110531102812425     
 -0.64179362589653499       0.26925726325504845       0.41110531102812425     
 -0.64476773134264853       0.27162170908624406       0.41110531102812420     
 -0.64410359244646376       0.27152978401448835       0.41110531102812425     
 -0.64388011465092321       0.27111963454000559       0.41110531102812431     
 -0.64331442984692611       0.27070140246756713       0.41110531102812431     
 -0.64323460363075358       0.27063625555821047       0.41110531102812431     
 -0.64398195363531407       0.27133438516827696       0.41110531102812414     
 -0.64512402928952506       0.27230577721470478       0.41110531102812448     
 -0.64429297978419953       0.27138007883095072       0.41110531102812442     
 -0.64130213492532451       0.26872147073440622       0.41110531102812414     
 -0.63933295787393085       0.26672876510388582       0.41110531102812420     
 -0.63829458312743659       0.26566852142780845       0.41110531102812392     
 -0.63783685387469680       0.26520092942961160       0.41110531102812436     
 -0.63778623860811978       0.26514567984330817       0.41110531102812409     
 -0.63805901977909407       0.26541558266997600       0.41110531102812442     
 -0.63860872204567365       0.26596203288309095       0.41110531102812409     
 -0.63939573208295519       0.26674311917594196       0.41110531102812414     
 -0.64035899484374903       0.26769565224445979       0.41110531102812420     
 -0.64139389716202488       0.26871776872846775       0.41110531102812436     
 -0.64238351246893877       0.26970408214879921       0.41110531102812436     
 -0.64330464343830307       0.27063645402904157       0.41110531102812409     
 -0.64427075027046143       0.27161744518481967       0.41110531102812414     
 -0.64543798054605384       0.27279468336104273       0.41110531102812436     
 -0.64692215709582312       0.27428197987641056       0.41110531102812425     
 -0.64877415540222083       0.27612663413618743       0.41110531102812420     
 -0.65094634898433623       0.27828001439344113       0.41110531102812420     
 -0.65330739023563633       0.28063163877458225       0.41110531102812442     
 -0.65578495203793419       0.28307179720860171       0.41110531102812403     
 -0.65796756150979863       0.28519429516551864       0.41110531102812425     
 -0.65965520362956520       0.28702172656764974       0.41110531102812459     
 -0.66133819362430168       0.28823864637744323       0.41110531102812442     
 -0.66011738928171015       0.28753121442965457       0.41110531102812425     
 -0.65880450558223269       0.28626066036542919       0.41110531102812431     
 -0.65860642661368052       0.28602798989827438       0.41110531102812414     
 -0.65910207145291644       0.28650692992803428       0.41110531102812431     
 -0.66005570023386384       0.28745690024797421       0.41110531102812448     
 -0.66141295338836958       0.28882028271514060       0.41110531102812431     
 -0.66326131428797241       0.29068714369304005       0.41110531102812442     
 -0.66587268350884965       0.29332887466627933       0.41110531102812431     
 -0.66944687146246284       0.29662894753835911       0.41110531102812409     
 -0.67059084252336421       0.29782680460165806       0.41110531102812431     
 -0.66953633114691569       0.29700484946756933       0.41110531102812436     
 -0.66944382044145889       0.29688200487104460       0.41110531102812442     
 -0.67007190159934871       0.29749373013573355       0.41110531102812453     
 -0.67116942924630996       0.29858517941013746       0.41110531102812436     
 -0.67264446622338570       0.30005909669828984       0.41110531102812431     
 -0.67448698949242747       0.30190321409876114       0.41110531102812442     
 -0.67673105182975912       0.30414226550297468       0.41110531102812409     
 -0.67931978344372612       0.30667621574591397       0.41110531102812442     
 -0.68165823557380523       0.30891831381329909       0.41110531102812425     
 -0.68301765060812170       0.31037024322449613       0.41110531102812420     
 -0.68411236289703825       0.31153661197226129       0.41110531102812420     
 -0.68573461274769043       0.31318247507818264       0.41110531102812442     
 -0.68821820227446373       0.31569873666488313       0.41110531102812436     
 -0.69199765394542190       0.31947993324869328       0.41110531102812431     
 -0.69622274756634528       0.32301129411935525       0.41110531102812448     
 -0.69690084165266142       0.32439710390830012       0.41110531102812425     
 -0.69835779470996462       0.32587356978839394       0.41110531102812425     
 -0.70175298510634421       0.32925024644547179       0.41110531102812448     
 -0.70665073305653847       0.33381623714153452       0.41110531102812442     
 -0.70967634975180693       0.33677014775966480       0.41110531102812464     
 -0.70949080595450054       0.33672582708479515       0.41110531102812448     
 -0.70804894417480158       0.33547843293290064       0.41110531102812436     
 -0.70718408366796437       0.33465533842351469       0.41110531102812420     
 -0.70736048712538413       0.33483588771183120       0.41110531102812448     
 -0.70857882784895654       0.33604965186694258       0.41110531102812425     
 -0.71077299941637972       0.33822211015629883       0.41110531102812425     
 -0.71369474572568203       0.34105781987807582       0.41110531102812442     
 -0.71647609035120852       0.34372988243077407       0.41110531102812425     
 -0.71819916004885387       0.34546209836349157       0.41110531102812409     
 -0.71873922639767163       0.34599933661650478       0.41110531102812425     
 -0.71822552176144794       0.34559200186143135       0.41110531102812431     
 -0.71754064705296483       0.34495661329028998       0.41110531102812448     
 -0.71718751773431133       0.34460955076694444       0.41110531102812442     
 -0.71720790672883150       0.34463512862363105       0.41110531102812431     
 -0.71761126775163653       0.34504522120710401       0.41110531102812425     
 -0.71843803517768601       0.34587636466033522       0.41110531102812436     
 -0.71972114066802095       0.34716220908817741       0.41110531102812442     
 -0.72148805979287089       0.34893165570513734       0.41110531102812414     
 -0.72377653352062221       0.35122248776706066       0.41110531102812431     
 -0.72663878658947312       0.35408464673892487       0.41110531102812420     
 -0.73012299637022371       0.35755888918722217       0.41110531102812420     
 -0.73416134962604229       0.36151731077681998       0.41110531102812431     
 -0.73766646424268456       0.36474337150675457       0.41110531102812425     
 -0.73876021592650820       0.36613225391096171       0.41110531102812425     
 -0.73945542239789563       0.36691417811698235       0.41110531102812442     
 -0.74098843121054192       0.36845587119185447       0.41110531102812425     
 -0.74350162470576153       0.37098677726112372       0.41110531102812436     
 -0.74722933309167550       0.37472481428442983       0.41110531102812409     
 -0.75215807315300509       0.37943803749440685       0.41110531102812431     
 -0.75637525248337967       0.38345729406101858       0.41110531102812436     
 -0.75663756028897611       0.38411860271883008       0.41110531102812425     
 -0.75575508661489543       0.38340925756838962       0.41110531102812420     
 -0.75697199735163545       0.38455030731726958       0.41110531102812436     
 -0.75942058402589641       0.38684734471963400       0.41110531102812436     
 -0.76165404229481581       0.38909449988672645       0.41110531102812442     
 -0.76378206645168412       0.39134127939196095       0.41110531102812425     
 -0.76693207392314999       0.39439233033597793       0.41110531102812409     
 -0.76958096794218256       0.39657432087988609       0.41110531102812431     
 -0.76861424906724640       0.39597767703724074       0.41110531102812436     
 -0.76664838644456579       0.39419019658215326       0.41110531102812436     
 -0.76564037723841927       0.39319844254087960       0.41110531102812436     
 -0.76576935813764146       0.39331493880416657       0.41110531102812414     
 -0.76682583360171219       0.39436343989146194       0.41110531102812453     
 -0.76867632833702626       0.39621277413527595       0.41110531102812448     
 -0.77129996943367485       0.39884249975935288       0.41110531102812414     
 -0.77479574746986457       0.40235673054256654       0.41110531102812409     
 -0.77946294084717294       0.40707184018552117       0.41110531102812448     
 -0.78602382915418045       0.41370843142605612       0.41110531102812431     
 -0.79505075563348093       0.42217564597634794       0.41110531102812453     
 -0.79934532253384016       0.42699516156599432       0.41110531102812425     
 -0.79971891731055733       0.42643350938793412       0.41110531102812425     
 -0.79624038061620384       0.42384777878161822       0.41110531102812431     
 -0.79453158968083926       0.42210857004200925       0.41110531102812436     
 -0.79492092367291411       0.42244956294006908       0.41110531102812459     
 -0.79671827303464227       0.42421410935206855       0.41110531102812431     
 -0.79948082894618222       0.42693835688166731       0.41110531102812436     
 -0.80276383902537474       0.43016041946886868       0.41110531102812414     
 -0.80596112336218051       0.43332371913732659       0.41110531102812425     
 -0.80875587710459673       0.43615839684525665       0.41110531102812453     
 -0.81149299121503593       0.43894604098472667       0.41110531102812425     
 -0.81470529794856350       0.44219964776985132       0.41110531102812431     
 -0.81890048767171775       0.44644785242662277       0.41110531102812431     
 -0.82479934369647256       0.45241725260780058       0.41110531102812425     
 -0.83274278299397886       0.45977372384705939       0.41110531102812425     
 -0.83778609952446692       0.46498323386280732       0.41110531102812425     
 -0.83919244170118534       0.46701629644413029       0.41110531102812431     
 -0.84171414302805836       0.46955222172944089       0.41110531102812431     
 -0.84642772633141161       0.47402018599648199       0.41110531102812409     
 -0.85081009124475848       0.47836273691967285       0.41110531102812425     
 -0.85436748699694975       0.48201686813316297       0.41110531102812442     
 -0.85788794215157704       0.48545647216844529       0.41110531102812436     
 -0.86125847277481071       0.48901354391682927       0.41110531102812436     
 -0.86580932870520533       0.49337968247657699       0.41110531102812431     
 -0.86993974840779076       0.49733507708210545       0.41110531102812431     
 -0.87172094718037119       0.49915795375725902       0.41110531102812448     
 -0.87204203493970289       0.49973470484086518       0.41110531102812420     
 -0.87303236079550139       0.50061388546470664       0.41110531102812442     
 -0.87379310131762444       0.50129233849187937       0.41110531102812398     
 -0.87348970235175794       0.50110313011165775       0.41110531102812436     
 -0.87300326320829946       0.50066838332476316       0.41110531102812414     
 -0.87289813422563667       0.50052815195284728       0.41110531102812431     
 -0.87290162271658112       0.50054199002809407       0.41110531102812431     
 -0.87298483680620986       0.50060133975301935       0.41110531102812442     
 -0.87285958222185378       0.50044046678061671       0.41110531102812425     
 -0.87224493479147192       0.49989273339852874       0.41110531102812442     
 -0.87168474352909675       0.49937919625215860       0.41110531102812436     
 -0.87166724465189649       0.49936945848803571       0.41110531102812409     
 -0.87229309570205726       0.49999467295606059       0.41110531102812436     
 -0.87356564575210738       0.50126838252670447       0.41110531102812431     
 -0.87552295897069010       0.50321940228662310       0.41110531102812431     
 -0.87807637907722758       0.50567347310722599       0.41110531102812420     
 -0.88008463755621169       0.50752703822823564       0.41110531102812436     
 -0.88047127249799051       0.50809513557151220       0.41110531102812442     
 -0.88060400370579162       0.50826960322237991       0.41110531102812414     
 -0.88106918421706770       0.50873735739133596       0.41110531102812442     
 -0.88187205090948528       0.50954743467050112       0.41110531102812425     
 -0.88305452350075297       0.51074149465816865       0.41110531102812436     
 -0.88473730148891494       0.51244328611680434       0.41110531102812436     
 -0.88716976640770251       0.51491636740344726       0.41110531102812436     
 -0.89090389231045020       0.51869163404515473       0.41110531102812436     
 -0.89532983661317633       0.52218985461086620       0.41110531102812425     
 -0.89511597186537750       0.52291768132598970       0.41110531102812425     
 -0.89550269065997734       0.52326451833569820       0.41110531102812425     
 -0.89717291543645927       0.52488915350082266       0.41110531102812425     
 -0.89951244452721857       0.52720199779939447       0.41110531102812436     
 -0.90217676733500740       0.52984582973939243       0.41110531102812442     
 -0.90493428455625113       0.53259042903726228       0.41110531102812431     
 -0.90765315292129911       0.53530754258907665       0.41110531102812431     
 -0.91031860887994731       0.53797685006194307       0.41110531102812453     
 -0.91297210101767223       0.54063137388394888       0.41110531102812436     
 -0.91563042717115761       0.54328831395931898       0.41110531102812425     
 -0.91829179151665563       0.54595237796509277       0.41110531102812420     
 -0.92099900622936326       0.54866714633056846       0.41110531102812414     
 -0.92385251089992215       0.55152935728347141       0.41110531102812425     
 -0.92698127653606133       0.55466630113812132       0.41110531102812436     
 -0.93051932063124509       0.55819718717382805       0.41110531102812409     
 -0.93435691838435264       0.56191220034071054       0.41110531102812448     
 -0.93724462632863226       0.56472971611524614       0.41110531102812436     
 -0.93883215961665079       0.56653122536817546       0.41110531102812436     
 -0.94095958951952319       0.56865170215285565       0.41110531102812425     
 -0.94336632822440625       0.57076686459522108       0.41110531102812448     
 -0.94414430253245751       0.57183602799816791       0.41110531102812436     
 -0.94512349538743823       0.57288925713288397       0.41110531102812425     
 -0.94742790877929972       0.57518131513763449       0.41110531102812436     
 -0.95096928250599111       0.57865147447291576       0.41110531102812442     
 -0.95481920935936093       0.58220293264041889       0.41110531102812436     
 -0.95646044973640898       0.58396195474140289       0.41110531102812448     
 -0.95652854400454868       0.58407402779342921       0.41110531102812420     
 -0.95548497635720564       0.58309867377107083       0.41110531102812436     
 -0.95405003095207030       0.58183819026834360       0.41110531102812436     
 -0.95404103789996997       0.58181986324631396       0.41110531102812453     
 -0.95545107827250175       0.58322090989653208       0.41110531102812448     
 -0.95816892617554150       0.58592897302008018       0.41110531102812431     
 -0.96200231390092794       0.58960224026634733       0.41110531102812431     
 -0.96518567564426749       0.59260970998569473       0.41110531102812431     
 -0.96642247688382177       0.59400898395452784       0.41110531102812459     
 -0.96704689664126564       0.59468076792911251       0.41110531102812453     
 -0.96753481534397567       0.59512230573319991       0.41110531102812420     
 -0.96747626332898473       0.59504402195030903       0.41110531102812448     
 -0.96667685736194831       0.59433659749960799       0.41110531102812453     
 -0.96603710286738464       0.59379773582363704       0.41110531102812448     
 -0.96659969959988445       0.59436332733356179       0.41110531102812425     
 -0.96831740285338008       0.59586389363153858       0.41110531102812453     
 -0.96896395011145875       0.59638494897494154       0.41110531102812442     
 -0.96732361548263279       0.59487045228960933       0.41110531102812453     
 -0.96483491323145676       0.59254915157049504       0.41110531102812436     
 -0.96305200732104013       0.59080309410932985       0.41110531102812442     
 -0.96244897425941700       0.59018251853248349       0.41110531102812420     
 -0.96283051470209990       0.59052799824647895       0.41110531102812442     
 -0.96386121786934442       0.59155524421150019       0.41110531102812448     
 -0.96563850236333870       0.59338034539111950       0.41110531102812442     
 -0.96813136510554165       0.59531361075162514       0.41110531102812431     
 -0.96707032607333299       0.59460115576771500       0.41110531102812420     
 -0.96355087615314616       0.59128769042678897       0.41110531102812442     
 -0.96016562836990238       0.58798140785883179       0.41110531102812436     
 -0.95781910245399016       0.58565425672028981       0.41110531102812442     
 -0.95667270685090999       0.58452586589918942       0.41110531102812448     
 -0.95688984425118251       0.58475248237564226       0.41110531102812453     
 -0.95854025033119095       0.58633822914304778       0.41110531102812436     
 -0.96083532356100243       0.58844333948680649       0.41110531102812442     
 -0.96222161107592552       0.58983258213532341       0.41110531102812431     
 -0.96246993792660651       0.59013044175241014       0.41110531102812436     
 -0.96232848347997180       0.59006073986614505       0.41110531102812436     
 -0.96228383332089840       0.58983485589358353       0.41110531102812442     
 -0.96081201484288481       0.58843384127809195       0.41110531102812453     
 -0.95846852759647772       0.58625867443615787       0.41110531102812448     
 -0.95693462240760185       0.58474324665777233       0.41110531102812431     
 -0.95656083586885421       0.58436140402402958       0.41110531102812442     
 -0.95738165406392339       0.58517395547756557       0.41110531102812442     
 -0.95882192064350102       0.58600622680648395       0.41110531102812459     
 -0.95510045285074419       0.58281077801534453       0.41110531102812425     
 -0.94860975383449808       0.57647155997393318       0.41110531102812414     
 -0.94275916787642966       0.57066910669640170       0.41110531102812448     
 -0.93776964669759144       0.56567837308716862       0.41110531102812448     
 -0.93349239578139409       0.56135309617221008       0.41110531102812425     
 -0.92940075743628703       0.55725758657016167       0.41110531102812425     
 -0.92539126276613837       0.55328735962802089       0.41110531102812436     
 -0.92177487462742258       0.54968485212207607       0.41110531102812442     
 -0.91865196667789950       0.54654619792721026       0.41110531102812448     
 -0.91582773902520631       0.54371015337625261       0.41110531102812425     
 -0.91317397015999380       0.54107840815597974       0.41110531102812425     
 -0.91087676390278760       0.53879603983618229       0.41110531102812420     
 -0.90908410301053766       0.53699072505279233       0.41110531102812442     
 -0.90766028295982282       0.53553597666349795       0.41110531102812420     
 -0.90630444822686562       0.53417491430541297       0.41110531102812425     
 -0.90497837786459689       0.53288468809130607       0.41110531102812436     
 -0.90401559205150939       0.53193764717626157       0.41110531102812436     
 -0.90348309398603188       0.53129864573992314       0.41110531102812425     
 -0.90237827983224661       0.53017882907212199       0.41110531102812431     
 -0.90081796289556848       0.52879323558849567       0.41110531102812436     
 -0.90027726397660868       0.52811473731365699       0.41110531102812436     
 -0.89937192637441465       0.52710350707817821       0.41110531102812436     
 -0.89754867648883985       0.52549937653280654       0.41110531102812442     
 -0.89624988347446211       0.52379754426158887       0.41110531102812431     
 -0.89280123696863745       0.52070242001483091       0.41110531102812436     
 -0.88894720409382233       0.51693304365475123       0.41110531102812414     
 -0.88609155752907709       0.51403719116356261       0.41110531102812431     
 -0.88382242986703119       0.51173193124474958       0.41110531102812442     
 -0.88173407540280435       0.50963664605440551       0.41110531102812448     
 -0.87972903121604473       0.50764929592131258       0.41110531102812425     
 -0.87795895995702611       0.50589459344162246       0.41110531102812431     
 -0.87657859636998936       0.50452171255649703       0.41110531102812442     
 -0.87566980719757803       0.50361573507029056       0.41110531102812425     
 -0.87526719867523473       0.50320967079954515       0.41110531102812431     
 -0.87533647418186811       0.50325811159326905       0.41110531102812436     
 -0.87565489043453659       0.50352796136150135       0.41110531102812448     
 -0.87575912747815321       0.50360454908342767       0.41110531102812425     
 -0.87544125606741863       0.50333454711401759       0.41110531102812436     
 -0.87519155934436388       0.50313741006320778       0.41110531102812436     
 -0.87556527822535668       0.50345372280984868       0.41110531102812436     
 -0.87568677073744328       0.50330771410412112       0.41110531102812414     
 -0.87386902980829673       0.50179357050126283       0.41110531102812453     
 -0.87229946146237425       0.50029589636697414       0.41110531102812448     
 -0.87185003388879168       0.49961485772148262       0.41110531102812431     
 -0.87008902432412183       0.49784523964265476       0.41110531102812448     
 -0.86690075587530002       0.49488316045858882       0.41110531102812448     
 -0.86458347867533314       0.49254756148577372       0.41110531102812442     
 -0.86309800942637727       0.49104002062390817       0.41110531102812448     
 -0.86216274018227446       0.49008988818503169       0.41110531102812425     
 -0.86159372846873994       0.48951059291717652       0.41110531102812398     
 -0.86127573764413690       0.48918806504488238       0.41110531102812425     
 -0.86116553761325842       0.48907940802260730       0.41110531102812436     
 -0.86129331967551415       0.48921231136959370       0.41110531102812431     
 -0.86174148893883007       0.48966766164118147       0.41110531102812436     
 -0.86263498865727795       0.49057149596217742       0.41110531102812431     
 -0.86415942663752165       0.49210575922744870       0.41110531102812420     
 -0.86647610606396164       0.49435823464143092       0.41110531102812436     
 -0.86875125434450784       0.49635671618414084       0.41110531102812464     
 -0.86906094952421420       0.49676720753953907       0.41110531102812420     
 -0.86754122495079722       0.49526456887473119       0.41110531102812453     
 -0.86492094576150147       0.49286955879802025       0.41110531102812436     
 -0.86308341953093559       0.49104233359130361       0.41110531102812420     
 -0.86224426733980397       0.49016582769037398       0.41110531102812436     
 -0.86196398664177432       0.48983446654585222       0.41110531102812436     
 -0.86168104829810255       0.48950181179125279       0.41110531102812442     
 -0.86092541155798441       0.48877048956142299       0.41110531102812425     
 -0.85997911613176847       0.48791804706202424       0.41110531102812442     
 -0.85974910733340637       0.48772631751127843       0.41110531102812425     
 -0.86067774001415331       0.48860973544862113       0.41110531102812436     
 -0.86233653529160148       0.49018340237634422       0.41110531102812425     
 -0.86405643323339731       0.49183311617729231       0.41110531102812448     
 -0.86477416037294663       0.49240129446392888       0.41110531102812436     
 -0.86346293415474928       0.49130247147031086       0.41110531102812448     
 -0.86206637085072269       0.49003716354254140       0.41110531102812425     
 -0.86202147049559519       0.49001737226978781       0.41110531102812436     
 -0.86375797908526408       0.49177569712627323       0.41110531102812425     
 -0.86734090010172216       0.49505022968499501       0.41110531102812442     
 -0.86960623982984431       0.49731339141162595       0.41110531102812464     
 -0.86985742646217956       0.49771127685962907       0.41110531102812436     
 -0.87019031766816546       0.49770069148884910       0.41110531102812431     
 -0.86655752479517900       0.49478993926854642       0.41110531102812448     
 -0.86184520037037116       0.49009461421784328       0.41110531102812425     
 -0.85831873840104611       0.48643488161321918       0.41110531102812431     
 -0.85454598225590006       0.48269468018062189       0.41110531102812448     
 -0.85059789536306574       0.47883020414444982       0.41110531102812420     
 -0.84721305272257630       0.47546640152472996       0.41110531102812431     
 -0.84460662606646852       0.47286220031835280       0.41110531102812431     
 -0.84276536520023992       0.47102274031389119       0.41110531102812431     
 -0.84168603017166543       0.46995129920228557       0.41110531102812420     
 -0.84146258968743792       0.46974375635198579       0.41110531102812442     
 -0.84227944893540929       0.47053540787166065       0.41110531102812442     
 -0.84361265576797662       0.47158530599785708       0.41110531102812420     
 -0.84348906005619106       0.47170839461337438       0.41110531102812442     
 -0.84346600189490051       0.47175080169256817       0.41110531102812442     
 -0.84458502401684710       0.47271964905005975       0.41110531102812420     
 -0.84510137362941462       0.47273407252588667       0.41110531102812448     
 -0.84127093048352031       0.46957510931388036       0.41110531102812436     
 -0.83712094950116012       0.46549927869566710       0.41110531102812425     
 -0.83437109004940158       0.46271705119439982       0.41110531102812431     
 -0.83258530120625507       0.46091205086194398       0.41110531102812431     
 -0.83147029952152662       0.45979046769638721       0.41110531102812431     
 -0.83091955510358395       0.45924393398455604       0.41110531102812436     
 -0.83097752324374907       0.45931853837017356       0.41110531102812409     
 -0.83186406927267298       0.46024146036549901       0.41110531102812448     
 -0.83406337512486850       0.46247869119475643       0.41110531102812436     
 -0.83766401855793682       0.46567119058809980       0.41110531102812425     
 -0.83915439555429649       0.46707741488714505       0.41110531102812425     
 -0.83645180809347930       0.46499026284793221       0.41110531102812436     
 -0.83376161536458837       0.46238272788537171       0.41110531102812431     
 -0.83315488325181830       0.46169266482558663       0.41110531102812453     
 -0.83342369702907659       0.46166040194255192       0.41110531102812442     
 -0.83224435557099985       0.46071384156266815       0.41110531102812420     
 -0.83106373849429538       0.45966932871261884       0.41110531102812425     
 -0.83151249835150465       0.45995925137654298       0.41110531102812436     
 -0.83133086757856256       0.45953314318552396       0.41110531102812442     
 -0.82935827180430222       0.45792087506238610       0.41110531102812442     
 -0.82895762492652170       0.45747557315284082       0.41110531102812436     
 -0.82984326525809127       0.45819299498610339       0.41110531102812425     
 -0.83061035435074004       0.45900977759129397       0.41110531102812453     
 -0.83142302386963374       0.45986692518030264       0.41110531102812431     
 -0.83209264929419224       0.45958168628914337       0.41110531102812436     
 -0.82802232598502745       0.45671418095735844       0.41110531102812442     
 -0.82544986924098984       0.45397195284433239       0.41110531102812409     
 -0.82394376205704278       0.45227203999793059       0.41110531102812425     
 -0.82153583513436834       0.44976852637239922       0.41110531102812436     
 -0.81722463463685380       0.44564366239464681       0.41110531102812453     
 -0.81234947720890582       0.44090803264302886       0.41110531102812431     
 -0.80846641310857914       0.43701641105236150       0.41110531102812448     
 -0.80548055973266186       0.43401663556056841       0.41110531102812442     
 -0.80315856691105381       0.43168562277888506       0.41110531102812442     
 -0.80134954057213070       0.42987040037175889       0.41110531102812420     
 -0.79995477862454423       0.42847071661234620       0.41110531102812442     
 -0.79890199556987795       0.42741371842704440       0.41110531102812431     
 -0.79813507664952454       0.42664383416449836       0.41110531102812431     
 -0.79761837170708094       0.42612677566886120       0.41110531102812425     
 -0.79735052872539636       0.42586201225310633       0.41110531102812448     
 -0.79737390425878607       0.42589131167584937       0.41110531102812436     
 -0.79777152227367243       0.42629654307654247       0.41110531102812448     
 -0.79865946339335159       0.42719195829828915       0.41110531102812448     
 -0.80017043998415360       0.42870119400332951       0.41110531102812442     
 -0.80232444784658319       0.43078339832373369       0.41110531102812453     
 -0.80413886752928554       0.43229032224462743       0.41110531102812436     
 -0.80337401476658754       0.43180097731478267       0.41110531102812420     
 -0.80179469468984688       0.43033723167867705       0.41110531102812442     
 -0.80089296972933888       0.42943261689572310       0.41110531102812436     
 -0.80065942362068276       0.42919068129935961       0.41110531102812436     
 -0.80097226343673156       0.42950251429124148       0.41110531102812453     
 -0.80181889442579246       0.43035639172261669       0.41110531102812459     
 -0.80330986731167531       0.43186018700332823       0.41110531102812442     
 -0.80564361104200932       0.43418826643289055       0.41110531102812459     
 -0.80874344564580358       0.43713047588318837       0.41110531102812448     
 -0.81088241197632660       0.43903048680280971       0.41110531102812459     
 -0.81034558910391030       0.43874843413248388       0.41110531102812442     
 -0.80893853409202743       0.43735633335944152       0.41110531102812448     
 -0.80717776450212220       0.43563032681232822       0.41110531102812453     
 -0.80529893362808780       0.43381514253948039       0.41110531102812442     
 -0.80385013700905306       0.43238341282452558       0.41110531102812453     
 -0.80299749039068702       0.43153532065548589       0.41110531102812459     
 -0.80276507534008501       0.43130584089021679       0.41110531102812470     
 -0.80317744943862124       0.43171973357764509       0.41110531102812436     
 -0.80427861638102771       0.43282180840818985       0.41110531102812459     
 -0.80607931704816349       0.43453120859017358       0.41110531102812459     
 -0.80716513541148915       0.43531873632679002       0.41110531102812448     
 -0.80591601976750704       0.43444613916353370       0.41110531102812459     
 -0.80515380948412241       0.43370802473321457       0.41110531102812436     
 -0.80550159098516338       0.43401725398630492       0.41110531102812436     
 -0.80650547603976630       0.43494493521820882       0.41110531102812425     
 -0.80736129949574464       0.43573748081048319       0.41110531102812442     
 -0.80749856438029255       0.43592651578145886       0.41110531102812448     
 -0.80733805983767448       0.43582679066842495       0.41110531102812442     
 -0.80748667596709089       0.43599550946287535       0.41110531102812453     
 -0.80817058380160312       0.43667854323954680       0.41110531102812436     
 -0.80937584213615377       0.43786610781684954       0.41110531102812459     
 -0.81090134042432027       0.43935196648287927       0.41110531102812425     
 -0.81239598244859257       0.44084427397319448       0.41110531102812442     
 -0.81391822152659798       0.44241533780389464       0.41110531102812431     
 -0.81597475103474870       0.44443067162648070       0.41110531102812431     
 -0.81797799058487319       0.44612237925089571       0.41110531102812442     
 -0.81735092642365825       0.44562725964883249       0.41110531102812459     
 -0.81494024092811979       0.44343386253392197       0.41110531102812431     
 -0.81295545274286274       0.44146836921306715       0.41110531102812442     
 -0.81176500414001840       0.44029309720559218       0.41110531102812442     
 -0.81157913504975610       0.44015066788279367       0.41110531102812453     
 -0.81279902100337720       0.44115043476086552       0.41110531102812442     
 -0.81166673790354504       0.43990464592884909       0.41110531102812442     
 -0.80765589908110458       0.43617259524982094       0.41110531102812436     
 -0.80479680769082951       0.43327526212977002       0.41110531102812436     
 -0.80272382979773105       0.43118309345584316       0.41110531102812420     
 -0.80110599115990666       0.42954689596319257       0.41110531102812431     
 -0.79969225020786372       0.42811866178965602       0.41110531102812453     
 -0.79830358836411941       0.42673112991200607       0.41110531102812420     
 -0.79692460079567051       0.42536374685222067       0.41110531102812453     
 -0.79566132693131664       0.42411407282468189       0.41110531102812431     
 -0.79465473644613949       0.42312026699231026       0.41110531102812448     
 -0.79404740003810614       0.42252478635153434       0.41110531102812436     
 -0.79398726455059665       0.42247732671628219       0.41110531102812442     
 -0.79464621784733125       0.42314121897259205       0.41110531102812425     
 -0.79606146966286617       0.42446905202626617       0.41110531102812448     
 -0.79729755925495949       0.42559018145825128       0.41110531102812442     
 -0.79775675503626586       0.42622808703667125       0.41110531102812431     
 -0.79841482357843596       0.42653560224637843       0.41110531102812436     
 -0.79682219407378330       0.42528488459280112       0.41110531102812436     
 -0.79485388270285762       0.42339520181115309       0.41110531102812453     
 -0.79391113646318523       0.42241988410451281       0.41110531102812453     
 -0.79361651594732774       0.42209511508100001       0.41110531102812470     
 -0.79358050769484667       0.42202990620193259       0.41110531102812453     
 -0.79347167885992997       0.42190417223121324       0.41110531102812431     
 -0.79310669119714727       0.42154470965929186       0.41110531102812448     
 -0.79252287191165749       0.42097214326956106       0.41110531102812453     
 -0.79183464619803956       0.42028991042030600       0.41110531102812431     
 -0.79112040824532315       0.41957874654143879       0.41110531102812436     
 -0.79043220920401813       0.41889345406997991       0.41110531102812431     
 -0.78981567112398254       0.41828052387907766       0.41110531102812431     
 -0.78931354010782917       0.41778340850093376       0.41110531102812459     
 -0.78897263897335657       0.41744896021577454       0.41110531102812448     
 -0.78884960261063275       0.41733155958576568       0.41110531102812448     
 -0.78899204287409019       0.41747096893941393       0.41110531102812436     
 -0.78934502884179303       0.41779112180395106       0.41110531102812436     
 -0.78955260619778800       0.41794840383071485       0.41110531102812442     
 -0.78920166776062173       0.41763320673268328       0.41110531102812436     
 -0.78860098605903539       0.41708598987578249       0.41110531102812414     
 -0.78829965040782912       0.41680885546265828       0.41110531102812436     
 -0.78860991162879857       0.41714075673537027       0.41110531102812448     
 -0.78982808911560931       0.41836435503277086       0.41110531102812442     
 -0.79172552900344306       0.41990486328470150       0.41110531102812431     
 -0.79118600767946123       0.41965187486577865       0.41110531102812431     
 -0.78975708985641091       0.41836382146153983       0.41110531102812425     
 -0.78957536032370190       0.41817631481483891       0.41110531102812431     
 -0.79053858095530605       0.41904009154574634       0.41110531102812459     
 -0.79142125363824867       0.41977746840131747       0.41110531102812431     
 -0.79135893320507567       0.41992788758136540       0.41110531102812403     
 -0.79199420779389362       0.42055275429403915       0.41110531102812448     
 -0.79341238745576015       0.42182564339540107       0.41110531102812436     
 -0.79432634535482793       0.42270696932492691       0.41110531102812453     
 -0.79443944157606705       0.42293234738625196       0.41110531102812453     
 -0.79468518260504517       0.42308690563675416       0.41110531102812436     
 -0.79399030239524837       0.42233966108796417       0.41110531102812436     
 -0.79215066460005112       0.42073724440200394       0.41110531102812448     
 -0.79133148377222662       0.41992533375346569       0.41110531102812436     
 -0.79176534914460606       0.42036119871556110       0.41110531102812431     
 -0.79347533256108982       0.42210659376176463       0.41110531102812436     
 -0.79691118984933396       0.42558156583291812       0.41110531102812464     
 -0.80170324803985771       0.42952647928283638       0.41110531102812431     
 -0.80099169997672326       0.42960141335757124       0.41110531102812442     
 -0.79856016524071449       0.42740704004990288       0.41110531102812436     
 -0.79870205737083466       0.42755311693918902       0.41110531102812436     
 -0.80149012763150951       0.43002314645275674       0.41110531102812436     
 -0.80182003926659207       0.43059267609910806       0.41110531102812442     
 -0.80056869735122493       0.42950831558944907       0.41110531102812431     
 -0.80169167789602258       0.43039506197472149       0.41110531102812431     
 -0.80209645319005163       0.43059113852357994       0.41110531102812425     
 -0.80046286795019350       0.42925201553520143       0.41110531102812425     
 -0.79964410682303966       0.42841169231216303       0.41110531102812436     
 -0.79959653918851858       0.42833891402267243       0.41110531102812442     
 -0.79996324429522048       0.42868807913468399       0.41110531102812442     
 -0.80050239330255990       0.42921200552684180       0.41110531102812436     
 -0.80102350184519522       0.42972302589557348       0.41110531102812425     
 -0.80141229558390037       0.43011730582929358       0.41110531102812448     
 -0.80172569402797500       0.43045030280734009       0.41110531102812442     
 -0.80217262400471812       0.43091499755977636       0.41110531102812420     
 -0.80296370578722831       0.43171586895769321       0.41110531102812442     
 -0.80423931145143612       0.43299567653596255       0.41110531102812436     
 -0.80609670911355791       0.43485537584446399       0.41110531102812442     
 -0.80862333649294094       0.43736017778008840       0.41110531102812431     
 -0.81147204354689906       0.43998964953153658       0.41110531102812436     
 -0.81264794908125959       0.44114754034869691       0.41110531102812442     
 -0.81184104109455246       0.44051097678245282       0.41110531102812414     
 -0.81081968721234698       0.43958506252126694       0.41110531102812459     
 -0.81063663608761893       0.43941316981255440       0.41110531102812442     
 -0.81144673555154168       0.44016528781081399       0.41110531102812442     
 -0.81255814158443884       0.44110705275982998       0.41110531102812436     
 -0.81254888656118607       0.44119131449679810       0.41110531102812431     
 -0.81220277996765400       0.44094377728609957       0.41110531102812448     
 -0.81163770325108531       0.43987670551946251       0.41110531102812436     
 -0.80822894446906013       0.43699764893214244       0.41110531102812453     
 -0.80565300386464167       0.43441969892594934       0.41110531102812448     
 -0.80439735816642099       0.43313599277400405       0.41110531102812453     
 -0.80405620746340156       0.43278521533016728       0.41110531102812420     
 -0.80446570933298234       0.43319948887906412       0.41110531102812442     
 -0.80566039771377529       0.43440510855941028       0.41110531102812448     
 -0.80774691863827119       0.43647729072907238       0.41110531102812436     
 -0.81056706687184288       0.43924744836018792       0.41110531102812459     
 -0.81371761656185682       0.44226753427560556       0.41110531102812459     
 -0.81515417926308564       0.44360970323400750       0.41110531102812431     
 -0.81468244408923485       0.44338849318335177       0.41110531102812431     
 -0.81493645384964553       0.44357694042958395       0.41110531102812431     
 -0.81545196383838459       0.44407506183340240       0.41110531102812442     
 -0.81594850919554351       0.44459888572027551       0.41110531102812425     
 -0.81665186890498365       0.44533504046578698       0.41110531102812431     
 -0.81790995163709035       0.44661018997110119       0.41110531102812448     
 -0.81990404609399048       0.44856588898936750       0.41110531102812453     
 -0.82226243871906379       0.45084699249291466       0.41110531102812436     
 -0.82433955901970746       0.45284673455537638       0.41110531102812453     
 -0.82507012591668294       0.45349158816364615       0.41110531102812420     
 -0.82397751360741067       0.45254950102941971       0.41110531102812442     
 -0.82231647807824482       0.45088817491095795       0.41110531102812442     
 -0.82031001228194689       0.44894458350426325       0.41110531102812420     
 -0.81854278565058058       0.44723944271582056       0.41110531102812459     
 -0.81767882536404646       0.44638172710001928       0.41110531102812425     
 -0.81776124254096039       0.44629861250612640       0.41110531102812442     
 -0.81659661502642855       0.44479380856485434       0.41110531102812431     
 -0.81228492793248364       0.44094933580427820       0.41110531102812431     
 -0.80844359264894250       0.43714002047777456       0.41110531102812453     
 -0.80579330088515189       0.43446212542873541       0.41110531102812436     
 -0.80395517602595346       0.43259430471798743       0.41110531102812442     
 -0.80255006760195324       0.43117245174462643       0.41110531102812425     
 -0.80137005339163836       0.42999510054181217       0.41110531102812442     
 -0.80041296464978384       0.42903968255233565       0.41110531102812442     
 -0.79968950096555691       0.42830678878380152       0.41110531102812436     
 -0.79909511909306807       0.42769294130206470       0.41110531102812436     
 -0.79842531252528248       0.42700985763219673       0.41110531102812425     
 -0.79754759090592153       0.42614383761235530       0.41110531102812448     
 -0.79656971132973620       0.42518920958061618       0.41110531102812425     
 -0.79572752348426035       0.42436371526513361       0.41110531102812442     
 -0.79520617676274885       0.42385054873801087       0.41110531102812448     
 -0.79510834484383441       0.42375654893886661       0.41110531102812425     
 -0.79549794842514787       0.42414884896706823       0.41110531102812448     
 -0.79644030064090998       0.42509250370543611       0.41110531102812448     
 -0.79798922952971674       0.42661880603195501       0.41110531102812425     
 -0.79980948200023916       0.42825452255358826       0.41110531102812464     
 -0.80015052386581953       0.42859556078077704       0.41110531102812448     
 -0.79913032489023894       0.42780354659599296       0.41110531102812442     
 -0.79882653239044610       0.42744225510562905       0.41110531102812453     
 -0.79855586722289262       0.42695870627682692       0.41110531102812459     
 -0.79699762340055114       0.42565165547989731       0.41110531102812431     
 -0.79592671612376509       0.42462094621530999       0.41110531102812442     
 -0.79601645310498736       0.42469592244527771       0.41110531102812436     
 -0.79711484320981230       0.42574985559315082       0.41110531102812431     
 -0.79872206316304761       0.42727244872002901       0.41110531102812431     
 -0.80017858413031051       0.42879088894770911       0.41110531102812431     
 -0.80207500539855137       0.43076735825986756       0.41110531102812431     
 -0.80463117792884675       0.43277703684789343       0.41110531102812442     
 -0.80438771203222137       0.43316118167526191       0.41110531102812436     
 -0.80447684466110680       0.43318715602971020       0.41110531102812442     
 -0.80482277254827805       0.43321717136099835       0.41110531102812431     
 -0.80338538629799960       0.43208416414973910       0.41110531102812431     
 -0.80240266134837857       0.43110590921345016       0.41110531102812420     
 -0.80218859780330309       0.43087164632038022       0.41110531102812448     
 -0.80245968052090222       0.43112351562576212       0.41110531102812414     
 -0.80298537657224767       0.43163975528214904       0.41110531102812436     
 -0.80367192671355425       0.43233797444098548       0.41110531102812448     
 -0.80463343396327647       0.43331302634139246       0.41110531102812436     
 -0.80601094845658372       0.43468670910522422       0.41110531102812431     
 -0.80776065179675383       0.43640888265670991       0.41110531102812453     
 -0.80960678927096330       0.43823166060324875       0.41110531102812442     
 -0.81134491749096849       0.43998232666022408       0.41110531102812442     
 -0.81313888647179766       0.44179709378770260       0.41110531102812436     
 -0.81527285550192796       0.44391097963158893       0.41110531102812436     
 -0.81753865012591076       0.44605344827360188       0.41110531102812431     
 -0.81898582539863340       0.44753315944462463       0.41110531102812436     
 -0.81984172258228127       0.44845405203629923       0.41110531102812448     
 -0.82074266867485624       0.44934703405385085       0.41110531102812453     
 -0.82158606319030136       0.45011862606215275       0.41110531102812436     
 -0.82087073453971293       0.44904670536675806       0.41110531102812442     
 -0.81689518032909847       0.44549924181548917       0.41110531102812442     
 -0.81270840566737423       0.44135234948237662       0.41110531102812436     
 -0.80912495936377105       0.43779333387655223       0.41110531102812414     
 -0.80629878144230294       0.43496214691550139       0.41110531102812436     
 -0.80414032003610691       0.43279524676930109       0.41110531102812436     
 -0.80252068174244306       0.43117744932840368       0.41110531102812453     
 -0.80142871599754184       0.43009666465729474       0.41110531102812436     
 -0.80097016856312397       0.42965338383735158       0.41110531102812436     
 -0.80132554068404194       0.43003142124938420       0.41110531102812431     
 -0.80280387680878729       0.43155572089964028       0.41110531102812436     
 -0.80604995995865514       0.43488026459564993       0.41110531102812436     
 -0.81175151288326286       0.44015928670105448       0.41110531102812448     
 -0.81372038007346925       0.44191678208809937       0.41110531102812425     
 -0.81140663773150457       0.44011181541814093       0.41110531102812448     
 -0.81164715048914693       0.44011992269032818       0.41110531102812425     
 -0.81239868392025061       0.44077058309822514       0.41110531102812431     
 -0.81266175074151981       0.44116668452180274       0.41110531102812436     
 -0.81357755936686282       0.44208782181312190       0.41110531102812425     
 -0.81521232453146797       0.44353751917651152       0.41110531102812453     
 -0.81585244530045598       0.44405193582317820       0.41110531102812420     
 -0.81365359841855833       0.44188024142181076       0.41110531102812436     
 -0.80965574841138876       0.43823428743038301       0.41110531102812420     
 -0.80717922296570677       0.43573684505569427       0.41110531102812448     
 -0.80616707490750938       0.43468823026007847       0.41110531102812436     
 -0.80612624403094346       0.43461961897348128       0.41110531102812442     
 -0.80672628854446415       0.43520416620171326       0.41110531102812442     
 -0.80783043677604383       0.43631542700219667       0.41110531102812448     
 -0.80956163145141113       0.43803585482520097       0.41110531102812431     
 -0.81145204508083979       0.43959501594064027       0.41110531102812436     
 -0.81098569130306897       0.43930956445705965       0.41110531102812459     
 -0.80885853779732308       0.43729595335139021       0.41110531102812442     
 -0.80656838253781615       0.43511129484674688       0.41110531102812436     
 -0.80512144020456466       0.43365424015072318       0.41110531102812431     
 -0.80445699905856494       0.43297046614974954       0.41110531102812442     
 -0.80432520194434298       0.43282443257358078       0.41110531102812431     
 -0.80454232625730726       0.43303373084854085       0.41110531102812442     
 -0.80500885685273627       0.43349921634774363       0.41110531102812442     
 -0.80570768100101486       0.43420089716001747       0.41110531102812448     
 -0.80667522657621005       0.43517304250001237       0.41110531102812442     
 -0.80797816781388365       0.43648232310885982       0.41110531102812448     
 -0.80971287938011782       0.43822543459052743       0.41110531102812442     
 -0.81201362439326319       0.44053609985562348       0.41110531102812436     
 -0.81504822369653129       0.44356775701291934       0.41110531102812448     
 -0.81874395818375412       0.44710732596983477       0.41110531102812448     
 -0.82132529437035051       0.44954314981448396       0.41110531102812442     
 -0.82187130627707405       0.45033175365546291       0.41110531102812459     
 -0.82247301528804484       0.45096517731689301       0.41110531102812425     
 -0.82366400696579378       0.45216325288299070       0.41110531102812453     
 -0.82550766305364853       0.45400873004784986       0.41110531102812431     
 -0.82802029241259334       0.45650807267741444       0.41110531102812436     
 -0.83117812882309028       0.45968293782579378       0.41110531102812448     
 -0.83507907390536673       0.46348455409401323       0.41110531102812425     
 -0.83904981094083331       0.46735202811101689       0.41110531102812436     
 -0.83998003682078271       0.46775516796699446       0.41110531102812470     
 -0.83639204080451923       0.46456728206362530       0.41110531102812448     
 -0.83316782017194913       0.46137047241303070       0.41110531102812448     
 -0.83043049059135632       0.45859782620835876       0.41110531102812448     
 -0.82779045669478912       0.45595706403035913       0.41110531102812453     
 -0.82516789814446889       0.45342786894072412       0.41110531102812436     
 -0.82334457471379097       0.45160587541099084       0.41110531102812420     
 -0.82238839616476889       0.45063159489100030       0.41110531102812442     
 -0.82209598458099897       0.45032357712810139       0.41110531102812464     
 -0.82229366529035208       0.45051068873445183       0.41110531102812442     
 -0.82287678514314611       0.45108950343380388       0.41110531102812420     
 -0.82382413773273244       0.45204283978550064       0.41110531102812448     
 -0.82524253569604700       0.45348187044966759       0.41110531102812442     
 -0.82742026148815440       0.45569778382846332       0.41110531102812459     
 -0.83089123617294902       0.45923662026228906       0.41110531102812436     
 -0.83658655879566668       0.46499871784218189       0.41110531102812442     
 -0.84459309955094153       0.47215831094984045       0.41110531102812431     
 -0.84802418519835898       0.47642628807914789       0.41110531102812448     
 -0.84992988382829682       0.47760665136547970       0.41110531102812436     
 -0.84815611437008021       0.47669416497802208       0.41110531102812442     
 -0.84569976532036750       0.47400069134568712       0.41110531102812442     
 -0.84247944764666349       0.47098962927190879       0.41110531102812448     
 -0.83939312374128106       0.46780247989544838       0.41110531102812442     
 -0.83678795325285193       0.46536453568060748       0.41110531102812459     
 -0.83487347718720217       0.46317354950339845       0.41110531102812425     
 -0.82797289395783435       0.45742821264338662       0.41110531102812453     
 -0.82073465632081688       0.45011783857052334       0.41110531102812442     
 -0.81565564266713664       0.44497496456199664       0.41110531102812464     
 -0.81174290800159477       0.44103571051165946       0.41110531102812442     
 -0.80857064580240956       0.43785847529877681       0.41110531102812442     
 -0.80600312371110583       0.43529979509427558       0.41110531102812431     
 -0.80408148238680266       0.43338788654725130       0.41110531102812431     
 -0.80287121942628881       0.43216843804986887       0.41110531102812442     
 -0.80223058200029740       0.43147292576001106       0.41110531102812442     
 -0.80157506157693936       0.43074933471468041       0.41110531102812448     
 -0.80027400028183315       0.42946647474001071       0.41110531102812420     
 -0.79847220471032199       0.42772200451161624       0.41110531102812448     
 -0.79663936715948258       0.42582643898494815       0.41110531102812425     
 -0.79408127088863012       0.42321463021664291       0.41110531102812431     
 -0.79057683898281128       0.41988299788464839       0.41110531102812442     
 -0.78759091960273941       0.41691409488653475       0.41110531102812436     
 -0.78546682028324832       0.41478525782098874       0.41110531102812436     
 -0.78415630574600959       0.41347492341666692       0.41110531102812436     
 -0.78366088635935172       0.41298473104536215       0.41110531102812425     
 -0.78405738360253874       0.41338859284498591       0.41110531102812420     
 -0.78546198506291443       0.41478699305484962       0.41110531102812436     
 -0.78781697202404799       0.41705816930604739       0.41110531102812442     
 -0.79023582418289395       0.41931394138492484       0.41110531102812431     
 -0.79138435195839985       0.42053433198877022       0.41110531102812431     
 -0.79197012303258729       0.42127187001315158       0.41110531102812442     
 -0.79244267970105031       0.42093130998541450       0.41110531102812436     
 -0.78848185138928850       0.41786324480442172       0.41110531102812448     
 -0.78463475262467641       0.41400389910751462       0.41110531102812431     
 -0.78192881079806298       0.41127981608335734       0.41110531102812442     
 -0.78005601092237287       0.40940357329648869       0.41110531102812436     
 -0.77891314617599383       0.40824468602373964       0.41110531102812431     
 -0.77829898177120538       0.40759620178207601       0.41110531102812448     
 -0.77785335859015581       0.40712623247308644       0.41110531102812420     
 -0.77735364163494169       0.40664734857326962       0.41110531102812442     
 -0.77697488700008777       0.40626100739847626       0.41110531102812431     
 -0.77652778458155891       0.40570259051396579       0.41110531102812448     
 -0.77531387139962149       0.40461866044687167       0.41110531102812436     
 -0.77426974240540869       0.40359637040613411       0.41110531102812420     
 -0.77365436104924634       0.40287502237833406       0.41110531102812442     
 -0.77273610357800504       0.40205224410141532       0.41110531102812442     
 -0.77221289200067555       0.40158920217727923       0.41110531102812459     
 -0.77278521716017290       0.40216435085003582       0.41110531102812448     
 -0.77456620381237329       0.40393223475582091       0.41110531102812436     
 -0.77750595530187583       0.40685297139389992       0.41110531102812442     
 -0.78157189552997897       0.41090051021349100       0.41110531102812442     
 -0.78647159747614803       0.41551380081862804       0.41110531102812459     
 -0.78978190947564741       0.41897522032835199       0.41110531102812442     
 -0.79099176088728995       0.41962320993509322       0.41110531102812459     
 -0.78749983486679909       0.41665100874699590       0.41110531102812431     
 -0.78301140659568369       0.41240375059355588       0.41110531102812442     
 -0.78033539840535715       0.40967013977287819       0.41110531102812431     
 -0.77900665453264106       0.40830085891639128       0.41110531102812436     
 -0.77865292561737365       0.40802285058495291       0.41110531102812425     
 -0.77926104099367755       0.40788126517349771       0.41110531102812431     
 -0.77545351292987574       0.40510673801883240       0.41110531102812442     
 -0.77176309185776448       0.40139932503604209       0.41110531102812436     
 -0.76976696027520086       0.39936448207206915       0.41110531102812459     
 -0.76892662620441621       0.39851761035005961       0.41110531102812431     
 -0.76911500187390514       0.39869462454191573       0.41110531102812420     
 -0.77033523678812321       0.39997182333164499       0.41110531102812436     
 -0.77340196785620952       0.40316122971117846       0.41110531102812431     
 -0.77788985543427991       0.40639747465026754       0.41110531102812442     
 -0.77817425975824306       0.40740374587023970       0.41110531102812448     
 -0.77762300786735095       0.40659169515684612       0.41110531102812436     
 -0.77558237059096824       0.40496813554902733       0.41110531102812442     
 -0.77554622277557717       0.40479845453426599       0.41110531102812425     
 -0.77645851879841543       0.40542589257682426       0.41110531102812420     
 -0.77506874005938797       0.40430523708997068       0.41110531102812442     
 -0.77276221083095442       0.40202988165485243       0.41110531102812436     
 -0.77067621558267674       0.39988452539756503       0.41110531102812448     
 -0.76823713920494752       0.39755030376254913       0.41110531102812425     
 -0.76625381568620121       0.39559718682378597       0.41110531102812436     
 -0.76504101546528958       0.39438279035788076       0.41110531102812448     
 -0.76455234744704681       0.39388421649845606       0.41110531102812442     
 -0.76466315044120370       0.39397387209225310       0.41110531102812442     
 -0.76514449515918537       0.39442165764312920       0.41110531102812425     
 -0.76569950475841797       0.39497184326057083       0.41110531102812442     
 -0.76632433764357344       0.39557953160834952       0.41110531102812453     
 -0.76667543346695621       0.39572177878501802       0.41110531102812448     
 -0.76520603912597729       0.39439898373212529       0.41110531102812448     
 -0.76285211707458067       0.39216706912963739       0.41110531102812442     
 -0.76095751886587060       0.39029338297585975       0.41110531102812425     
 -0.75967460089408112       0.38896876420160464       0.41110531102812436     
 -0.75861166116969458       0.38790564261180854       0.41110531102812431     
 -0.75769715584673147       0.38695664385623102       0.41110531102812431     
 -0.75614314527152626       0.38530240982130959       0.41110531102812425     
 -0.75376259493598552       0.38318124650088353       0.41110531102812448     
 -0.75278855110591425       0.38220115988914050       0.41110531102812448     
 -0.75347819863506771       0.38287497975094109       0.41110531102812436     
 -0.75571230881168749       0.38506837788730675       0.41110531102812442     
 -0.75903293904357283       0.38820651353301266       0.41110531102812448     
 -0.76177143752728960       0.39086347677180344       0.41110531102812442     
 -0.76368613741209179       0.39306975904990293       0.41110531102812448     
 -0.76697171856183433       0.39531053826301504       0.41110531102812448     
 -0.76421833014975993       0.39450904680302562       0.41110531102812436     
 -0.76277033201779498       0.39280376516249871       0.41110531102812442     
 -0.76223816393550925       0.39162096242204131       0.41110531102812448     
 -0.75601100822655576       0.38615649630687648       0.41110531102812420     
 -0.74854638598379541       0.37892180237784684       0.41110531102812436     
 -0.74422215559365734       0.37448224399721236       0.41110531102812431     
 -0.74127946850683746       0.37112621082909353       0.41110531102812425     
 -0.73701542849991775       0.36724671292905564       0.41110531102812431     
 -0.73376012037254557       0.36401392332131383       0.41110531102812420     
 -0.73213055396683779       0.36226263297354716       0.41110531102812436     
 -0.73040975362794980       0.36020097192994427       0.41110531102812431     
 -0.72620930616464929       0.35633235197168911       0.41110531102812442     
 -0.72167774373106219       0.35187296252375427       0.41110531102812436     
 -0.71788368252971724       0.34807419474564844       0.41110531102812448     
 -0.71476002535609717       0.34494581759899029       0.41110531102812453     
 -0.71221944207074206       0.34240488579034301       0.41110531102812448     
 -0.71024760984620094       0.34043537973691018       0.41110531102812425     
 -0.70888212686524721       0.33906990010564680       0.41110531102812414     
 -0.70814213304445195       0.33830243321491649       0.41110531102812425     
 -0.70769982964627798       0.33775229267781459       0.41110531102812436     
 -0.70658717311937147       0.33665339025509672       0.41110531102812459     
 -0.70492765307232885       0.33510678147656742       0.41110531102812442     
 -0.70381632788262705       0.33403788229753334       0.41110531102812459     
 -0.70374059054888161       0.33393098315588371       0.41110531102812414     
 -0.70395598704089313       0.33380265177080504       0.41110531102812425     
 -0.70217344981162166       0.33234268140856243       0.41110531102812453     
 -0.70030831618112799       0.33054552095273987       0.41110531102812442     
 -0.69950737709367583       0.32971721568210149       0.41110531102812448     
 -0.69950919402515577       0.32968334431718466       0.41110531102812442     
 -0.69994779064262413       0.33010806953699379       0.41110531102812431     
 -0.70068641715230329       0.33083277386878490       0.41110531102812453     
 -0.70148119523328378       0.33149836553744222       0.41110531102812442     
 -0.70136031905626683       0.33146410477688820       0.41110531102812459     
 -0.70098737418990120       0.33123023192556189       0.41110531102812442     
 -0.70180653924874359       0.33207503115722631       0.41110531102812436     
 -0.70400383527124322       0.33406394995495903       0.41110531102812453     
 -0.70593834859582105       0.33599564449322805       0.41110531102812448     
 -0.70593152520066527       0.33510903649166285       0.41110531102812431     
 -0.70089535916308954       0.33110162953301414       0.41110531102812436     
 -0.69734733396208437       0.32742250908185055       0.41110531102812420     
 -0.69501129211085366       0.32506639522631869       0.41110531102812420     
 -0.69339978126481716       0.32343921878107423       0.41110531102812425     
 -0.69216040116194799       0.32208467094631865       0.41110531102812431     
 -0.69032071059430289       0.32030922531552669       0.41110531102812448     
 -0.68829391374602866       0.31835414895918951       0.41110531102812431     
 -0.68679621306504546       0.31686154379835380       0.41110531102812431     
 -0.68588190500509094       0.31593880316364031       0.41110531102812431     
 -0.68543357892115842       0.31547874702963441       0.41110531102812448     
 -0.68531050936118376       0.31533140601773596       0.41110531102812414     
 -0.68524516067093832       0.31521904394184214       0.41110531102812448     
 -0.68479458699541607       0.31475776366705160       0.41110531102812436     
 -0.68386741239983195       0.31387699898679683       0.41110531102812431     
 -0.68286185118039677       0.31289588554262449       0.41110531102812425     
 -0.68201697564813624       0.31205163745273090       0.41110531102812442     
 -0.68132479710623994       0.31135607804226806       0.41110531102812442     
 -0.68073200473734796       0.31076453537353083       0.41110531102812420     
 -0.68023878950551331       0.31027636426491945       0.41110531102812436     
 -0.67989499162787759       0.30993892016596769       0.41110531102812453     
 -0.67977371319670810       0.30982475625123507       0.41110531102812431     
 -0.67996412222293290       0.31002342255035670       0.41110531102812436     
 -0.68057868361175500       0.31064830566410528       0.41110531102812448     
 -0.68177103501449932       0.31185444044080474       0.41110531102812436     
 -0.68376195748175272       0.31385935654099639       0.41110531102812459     
 -0.68678414673186894       0.31684310818411415       0.41110531102812448     
 -0.69027290421590715       0.32000615701974316       0.41110531102812442     
 -0.69118065747128143       0.32089185441245821       0.41110531102812425     
 -0.68919639143856548       0.31920200333675780       0.41110531102812420     
 -0.68709304164348084       0.31717387428624294       0.41110531102812436     
 -0.68577926921886589       0.31586682652234094       0.41110531102812425     
 -0.68527746862723704       0.31535858443501297       0.41110531102812453     
 -0.68546538347896946       0.31553925308551090       0.41110531102812453     
 -0.68623276005683276       0.31629966481940641       0.41110531102812436     
 -0.68749028838646109       0.31754770777259494       0.41110531102812442     
 -0.68913243070361752       0.31917249990809865       0.41110531102812470     
 -0.69097790719285046       0.32099273034554110       0.41110531102812409     
 -0.69278861033871575       0.32279729879210689       0.41110531102812425     
 -0.69453016485438257       0.32456935062765357       0.41110531102812442     
 -0.69652230918868230       0.32659604520654606       0.41110531102812414     
 -0.69917965192145992       0.32927701089682182       0.41110531102812425     
 -0.70283892412655491       0.33292227533213431       0.41110531102812442     
 -0.70700196734065357       0.33660788365903044       0.41110531102812448     
 -0.70778390577173578       0.33773736288115547       0.41110531102812453     
 -0.70642028768739917       0.33645279584203897       0.41110531102812436     
 -0.70490683550300670       0.33507803197682590       0.41110531102812436     
 -0.70446071039312197       0.33464833529642823       0.41110531102812459     
 -0.70534007664811704       0.33551734428951968       0.41110531102812442     
 -0.70741127159339323       0.33752792138263965       0.41110531102812442     
 -0.70992226088774801       0.33988404316904069       0.41110531102812442     
 -0.71169195957008013       0.34175391484583756       0.41110531102812442     
 -0.71321679526484361       0.34318831037578179       0.41110531102812436     
 -0.71406154227346186       0.34413309087726868       0.41110531102812431     
 -0.71494551052298527       0.34512245752531256       0.41110531102812431     
 -0.71696083302379932       0.34713788940970741       0.41110531102812436     
 -0.72018200132463661       0.35033815112468536       0.41110531102812436     
 -0.72423541027244898       0.35426217007754690       0.41110531102812431     
 -0.72859832573676231       0.35881693399904113       0.41110531102812425     
 -0.73147910524114124       0.36034241869825234       0.41110531102812431     
 -0.72907767549123481       0.35875222424119163       0.41110531102812436     
 -0.72925048921454083       0.35888104156520545       0.41110531102812448     
 -0.73187455891491093       0.36130432572662707       0.41110531102812442     
 -0.73315271106284563       0.36215572738957003       0.41110531102812425     
 -0.73117111311576843       0.36058871704961198       0.41110531102812453     
 -0.73038628197001287       0.35976119569665194       0.41110531102812425     
 -0.73057658777063528       0.35987566767679541       0.41110531102812436     
 -0.73086857931748439       0.36006459373312838       0.41110531102812459     
 -0.73031845461370681       0.35955483140042832       0.41110531102812453     
 -0.72925359130970402       0.35859841819240690       0.41110531102812442     
 -0.72872541652188960       0.35811719690427501       0.41110531102812442     
 -0.72926063604727520       0.35863299291380313       0.41110531102812431     
 -0.73053771127279710       0.35974188932949114       0.41110531102812453     
 -0.73103886112515959       0.36029721443481894       0.41110531102812448     
 -0.73110653630981159       0.36049761802772512       0.41110531102812453     
 -0.73208142683873589       0.36147751618072393       0.41110531102812436     
 -0.73399812832053235       0.36331048109376951       0.41110531102812442     
 -0.73589573958712062       0.36511664076765515       0.41110531102812436     
 -0.73707260507501260       0.36640557047885525       0.41110531102812431     
 -0.73836538723930711       0.36771993298000705       0.41110531102812448     
 -0.74010412645517276       0.36943908479827514       0.41110531102812436     
 -0.74211131291814070       0.37142485224820404       0.41110531102812442     
 -0.74418433816319018       0.37349203392789482       0.41110531102812453     
 -0.74627423801567816       0.37558446456278766       0.41110531102812436     
 -0.74833741943527221       0.37759599743909861       0.41110531102812453     
 -0.74994661776955907       0.37922632554669949       0.41110531102812448     
 -0.75117103273909669       0.38040150875701084       0.41110531102812453     
 -0.75162339201748873       0.38084385280467120       0.41110531102812442     
 -0.75140378409393282       0.38076511187197598       0.41110531102812453     
 -0.75173188592100071       0.38107955544525535       0.41110531102812420     
 -0.75254811299494606       0.38184499027383961       0.41110531102812436     
 -0.75340624563263170       0.38272798706441968       0.41110531102812436     
 -0.75451674400347291       0.38387675500320140       0.41110531102812442     
 -0.75628846112102799       0.38562138309139216       0.41110531102812453     
 -0.75829621740107678       0.38742723822082531       0.41110531102812436     
 -0.75887325145761286       0.38811404493312840       0.41110531102812436     
 -0.75869399794899561       0.38803948227323326       0.41110531102812442     
 -0.75895922535479743       0.38832930941519711       0.41110531102812442     
 -0.75995653430624510       0.38934162386008653       0.41110531102812453     
 -0.76184800311483813       0.39124327550280291       0.41110531102812431     
 -0.76476614554240063       0.39412977394341797       0.41110531102812448     
 -0.76810579233385035       0.39714829939941559       0.41110531102812442     
 -0.76926180686592627       0.39850504636132245       0.41110531102812453     
 -0.76926119642544255       0.39861391812710167       0.41110531102812453     
 -0.76956247353165352       0.39891052057199200       0.41110531102812464     
 -0.77014692936116458       0.39950374582171644       0.41110531102812453     
 -0.77104437064649090       0.40041253205057675       0.41110531102812442     
 -0.77234471360349566       0.40171755322283792       0.41110531102812453     
 -0.77408933613521691       0.40346015440907312       0.41110531102812453     
 -0.77625440838696569       0.40561512218581858       0.41110531102812464     
 -0.77875506916582415       0.40811268614486462       0.41110531102812436     
 -0.78160981506862814       0.41099467934984385       0.41110531102812436     
