 -0.12499995993167524        6.2499975564319535E-002  0.35355339059327379     
 -0.12499988663235594        6.2499902287927692E-002  0.35355339059327384     
 -0.12499976456898224        6.2499780262734311E-002  0.35355339059327384     
 -0.12499959389465580        6.2499609641792908E-002  0.35355339059327379     
 -0.12499937482344714        6.2499390639106617E-002  0.35355339059327379     
 -0.12499910763012394        6.2499123529356722E-002  0.35355339059327373     
 -0.12499879264980274        6.2498808647554388E-002  0.35355339059327373     
 -0.12499843027752403        6.2498446388615875E-002  0.35355339059327379     
 -0.12499802096775134        6.2498037206861770E-002  0.35355339059327379     
 -0.12499756523379518        6.2497581615441167E-002  0.35355339059327373     
 -0.12499706364716232        6.2497080185681189E-002  0.35355339059327373     
 -0.12499651683683166        6.2496533546362941E-002  0.35355339059327373     
 -0.12499592548845714        6.2495942382924857E-002  0.35355339059327373     
 -0.12499529034349921        6.2495307436594330E-002  0.35355339059327379     
 -0.12499461219828580        6.2494629503448987E-002  0.35355339059327379     
 -0.12499389190300381        6.2493909433408608E-002  0.35355339059327379     
 -0.12499313036062308        6.2493148129159244E-002  0.35355339059327379     
 -0.12499232852575329        6.2492346545010721E-002  0.35355339059327373     
 -0.12499148740343641        6.2491505685689328E-002  0.35355339059327373     
 -0.12499060804787537        6.2490626605066865E-002  0.35355339059327373     
 -0.12498969156110100        6.2489710404828119E-002  0.35355339059327373     
 -0.12498873909157908        6.2488758233078340E-002  0.35355339059327373     
 -0.12498775183275909        6.2487771282892339E-002  0.35355339059327373     
 -0.12498673102156668        6.2486750790807566E-002  0.35355339059327379     
 -0.12498567793684173        6.2485698035262660E-002  0.35355339059327384     
 -0.12498459389772433        6.2484614334983798E-002  0.35355339059327373     
 -0.12498348026199016        6.2483501047320811E-002  0.35355339059327379     
 -0.12498233842433817        6.2482359566535327E-002  0.35355339059327379     
 -0.12498116981463238        6.2481191322042995E-002  0.35355339059327379     
 -0.12497997589609981        6.2479997776612249E-002  0.35355339059327379     
 -0.12497875816348764        6.2478780424521783E-002  0.35355339059327379     
 -0.12497751814118113        6.2477540789679299E-002  0.35355339059327379     
 -0.12497625738128540        6.2476280423703692E-002  0.35355339059327373     
 -0.12497497746167298        6.2475000903973371E-002  0.35355339059327373     
 -0.12497367998400004        6.2473703831643093E-002  0.35355339059327373     
 -0.12497236657169380        6.2472390829631880E-002  0.35355339059327379     
 -0.12497103886791328        6.2471063540584557E-002  0.35355339059327373     
 -0.12496969853348658        6.2469723624809646E-002  0.35355339059327373     
 -0.12496834724482696        6.2468372758196056E-002  0.35355339059327373     
 -0.12496698669183023        6.2467012630111229E-002  0.35355339059327373     
 -0.12496561857575676        6.2465644941283656E-002  0.35355339059327373     
 -0.12496424460709989        6.2464271401672072E-002  0.35355339059327373     
 -0.12496286650344407        6.2462893728324351E-002  0.35355339059327373     
 -0.12496148598731545        6.2461513643228571E-002  0.35355339059327379     
 -0.12496010478402712        6.2460132871159008E-002  0.35355339059327379     
 -0.12495872461952212        6.2458753137519890E-002  0.35355339059327384     
 -0.12495734721821689        6.2457376166189404E-002  0.35355339059327384     
 -0.12495597430084761        6.2456003677366832E-002  0.35355339059327384     
 -0.12495460758232239        6.2454637385425296E-002  0.35355339059327384     
 -0.12495324876958187        6.2453278996773151E-002  0.35355339059327384     
 -0.12495189955947079        6.2451930207726054E-002  0.35355339059327384     
 -0.12495056163662339        6.2450592702393108E-002  0.35355339059327384     
 -0.12494923667136493        6.2449268150579100E-002  0.35355339059327384     
 -0.12494792631763237        6.2447958205705659E-002  0.35355339059327384     
 -0.12494663221091616        6.2446664502753921E-002  0.35355339059327384     
 -0.12494535596622647        6.2445388656231109E-002  0.35355339059327384     
 -0.12494409917608547        6.2444132258163601E-002  0.35355339059327384     
 -0.12494286340854870        6.2442896876118981E-002  0.35355339059327384     
 -0.12494165020525798        6.2441684051259320E-002  0.35355339059327384     
 -0.12494046107952775        6.2440495296428283E-002  0.35355339059327384     
 -0.12493929751446763        6.2439332094274227E-002  0.35355339059327384     
 -0.12493816096114316        6.2438195895411511E-002  0.35355339059327390     
 -0.12493705283677740        6.2437088116622588E-002  0.35355339059327384     
 -0.12493597452299486        6.2436010139102577E-002  0.35355339059327384     
 -0.12493492736411056        6.2434963306748782E-002  0.35355339059327384     
 -0.12493391266546600        6.2433948924497100E-002  0.35355339059327384     
 -0.12493293169181376        6.2432968256707286E-002  0.35355339059327384     
 -0.12493198566575328        6.2432022525599082E-002  0.35355339059327384     
 -0.12493107576621917        6.2431112909741099E-002  0.35355339059327390     
 -0.12493020312702417        6.2430240542594023E-002  0.35355339059327384     
 -0.12492936883545827        6.2429406511110397E-002  0.35355339059327384     
 -0.12492857393094581        6.2428611854391969E-002  0.35355339059327384     
 -0.12492781940376214        6.2427857562406867E-002  0.35355339059327390     
 -0.12492710619381148        6.2427144574767612E-002  0.35355339059327395     
 -0.12492643518946686        6.2426473779571778E-002  0.35355339059327395     
 -0.12492580722647464        6.2425846012306434E-002  0.35355339059327390     
 -0.12492522308692358        6.2425262054817819E-002  0.35355339059327390     
 -0.12492468349828068        6.2424722634347354E-002  0.35355339059327395     
 -0.12492418913249446        6.2424228422635245E-002  0.35355339059327395     
 -0.12492374060516699        6.2423780035092691E-002  0.35355339059327395     
 -0.12492333847479527        6.2423378030043553E-002  0.35355339059327395     
 -0.12492298324208326        6.2423022908036627E-002  0.35355339059327395     
 -0.12492267534932523        6.2422715111229099E-002  0.35355339059327395     
 -0.12492241517986108        6.2422455022842022E-002  0.35355339059327395     
 -0.12492220305760421        6.2422242966688454E-002  0.35355339059327401     
 -0.12492203924664286        6.2422079206774769E-002  0.35355339059327401     
 -0.12492192395091489        6.2421963946975675E-002  0.35355339059327406     
 -0.12492185731395686        6.2421897330783134E-002  0.35355339059327406     
 -0.12492183941872706        6.2421879441129896E-002  0.35355339059327401     
 -0.12492187028750379        6.2421910300287278E-002  0.35355339059327406     
 -0.12492194988185774        6.2421989869837824E-002  0.35355339059327401     
 -0.12492207810269915        6.2422118050722564E-002  0.35355339059327401     
 -0.12492225479040008        6.2422294683362967E-002  0.35355339059327401     
 -0.12492247972499064        6.2422519547857380E-002  0.35355339059327401     
 -0.12492275262642996        6.2422792364251647E-002  0.35355339059327401     
 -0.12492307315495088        6.2423112792883921E-002  0.35355339059327406     
 -0.12492344091147820        6.2423480434802697E-002  0.35355339059327401     
 -0.12492385543812025        6.2423894832258221E-002  0.35355339059327401     
 -0.12492431621873271        6.2424355469266141E-002  0.35355339059327401     
 -0.12492482267955436        6.2424861772243136E-002  0.35355339059327401     
 -0.12492537418991388        6.2425413110713410E-002  0.35355339059327401     
 -0.12492597006300712        6.2426008798085728E-002  0.35355339059327395     
 -0.12492660955674327        6.2426648092499440E-002  0.35355339059327395     
 -0.12492729187465985        6.2427330197739044E-002  0.35355339059327401     
 -0.12492801616690465        6.2428054264215910E-002  0.35355339059327395     
 -0.12492878153128383        6.2428819390016099E-002  0.35355339059327395     
 -0.12492958701437500        6.2429624622013014E-002  0.35355339059327395     
 -0.12493043161270362        6.2430468957043517E-002  0.35355339059327395     
 -0.12493131427398182        6.2431351343146285E-002  0.35355339059327395     
 -0.12493223389840766        6.2432270680860741E-002  0.35355339059327395     
 -0.12493318934002350        6.2433225824585090E-002  0.35355339059327395     
 -0.12493417940813216        6.2434215583991821E-002  0.35355339059327395     
 -0.12493520286876858        6.2435238725499109E-002  0.35355339059327390     
 -0.12493625844622562        6.2436293973796145E-002  0.35355339059327395     
 -0.12493734482463231        6.2437380013420737E-002  0.35355339059327395     
 -0.12493846064958206        6.2438495490387221E-002  0.35355339059327395     
 -0.12493960452980959        6.2439639013862749E-002  0.35355339059327395     
 -0.12494077503891411        6.2440809157889916E-002  0.35355339059327395     
 -0.12494197071712654        6.2442004463153691E-002  0.35355339059327395     
 -0.12494319007311945        6.2443223438790427E-002  0.35355339059327395     
 -0.12494443158585634        6.2444464564236905E-002  0.35355339059327395     
 -0.12494569370647926        6.2445726291117040E-002  0.35355339059327395     
 -0.12494697486023118        6.2447007045164010E-002  0.35355339059327395     
 -0.12494827344841208        6.2448305228175523E-002  0.35355339059327395     
 -0.12494958785036545        6.2449619219999704E-002  0.35355339059327395     
 -0.12495091642549297        6.2450947380549321E-002  0.35355339059327395     
 -0.12495225751529536        6.2452288051841838E-002  0.35355339059327395     
 -0.12495360944543633        6.2453639560062654E-002  0.35355339059327395     
 -0.12495497052782709        6.2455000217649305E-002  0.35355339059327401     
 -0.12495633906272956        6.2456368325393676E-002  0.35355339059327395     
 -0.12495771334087490        6.2457742174560002E-002  0.35355339059327401     
 -0.12495909164559493        6.2459120049015708E-002  0.35355339059327390     
 -0.12496047225496434        6.2460500227372755E-002  0.35355339059327395     
 -0.12496185344394999        6.2461880985136518E-002  0.35355339059327395     
 -0.12496323348656586        6.2463260596859818E-002  0.35355339059327401     
 -0.12496461065802984        6.2464637338299211E-002  0.35355339059327395     
 -0.12496598323692044        6.2466009488570957E-002  0.35355339059327401     
 -0.12496734950733029        6.2467375332303829E-002  0.35355339059327395     
 -0.12496870776101396        6.2468733161786347E-002  0.35355339059327401     
 -0.12497005629952737        6.2470081279105368E-002  0.35355339059327401     
 -0.12497139343635566        6.2471417998273507E-002  0.35355339059327401     
 -0.12497271749902794        6.2472741647342935E-002  0.35355339059327401     
 -0.12497402683121465        6.2474050570502364E-002  0.35355339059327401     
 -0.12497531979480644        6.2475343130155035E-002  0.35355339059327395     
 -0.12497659477197072        6.2476617708974849E-002  0.35355339059327390     
 -0.12497785016718413        6.2477872711938012E-002  0.35355339059327395     
 -0.12497908440923772        6.2479106568327607E-002  0.35355339059327395     
 -0.12498029595321260        6.2480317733708754E-002  0.35355339059327395     
 -0.12498148328242360        6.2481504691871463E-002  0.35355339059327395     
 -0.12498264491032798        6.2482665956738910E-002  0.35355339059327395     
 -0.12498377938239742        6.2483800074238732E-002  0.35355339059327395     
 -0.12498488527795025        6.2484905624134689E-002  0.35355339059327395     
 -0.12498596121194194        6.2485981221816617E-002  0.35355339059327401     
 -0.12498700583671146        6.2487025520046216E-002  0.35355339059327406     
 -0.12498801784368108        6.2488037210656308E-002  0.35355339059327406     
 -0.12498899596500765        6.2489015026201591E-002  0.35355339059327406     
 -0.12498993897518308        6.2489957741558619E-002  0.35355339059327406     
 -0.12499084569258195        6.2490864175472907E-002  0.35355339059327406     
 -0.12499171498095422        6.2491733192051188E-002  0.35355339059327406     
 -0.12499254575086129        6.2492563702196871E-002  0.35355339059327406     
 -0.12499333696105290        6.2493354664986872E-002  0.35355339059327406     
 -0.12499408761978427        6.2494105088987881E-002  0.35355339059327406     
 -0.12499479678607042        6.2494814033510537E-002  0.35355339059327406     
 -0.12499546357087681        6.2495480609799654E-002  0.35355339059327412     
 -0.12499608713824460        6.2496103982159129E-002  0.35355339059327412     
 -0.12499666670634910        6.2496683369009924E-002  0.35355339059327406     
 -0.12499720154848953        6.2497218043879824E-002  0.35355339059327412     
 -0.12499769099400990        6.2497707336323510E-002  0.35355339059327412     
 -0.12499813442914823        6.2498150632772045E-002  0.35355339059327406     
 -0.12499853129781452        6.2498547377310268E-002  0.35355339059327406     
 -0.12499888110229537        6.2498897072381321E-002  0.35355339059327406     
 -0.12499918340388501        6.2499199279417356E-002  0.35355339059327406     
 -0.12499943782344135        6.2499453619395511E-002  0.35355339059327412     
 -0.12499964404186666        6.2499659773318422E-002  0.35355339059327412     
 -0.12499980180051228        6.2499817482618819E-002  0.35355339059327412     
 -0.12499991090150664        6.2499926549487300E-002  0.35355339059327417     
 -0.12499997120800604        6.2499986837123281E-002  0.35355339059327412     
 -0.12499998264436846        6.2499998269908465E-002  0.35355339059327417     
 -0.12499994519624923        6.2499960833502760E-002  0.35355339059327412     
 -0.12499985891061945        6.2499874574862453E-002  0.35355339059327412     
 -0.12499972389570627        6.2499739602180651E-002  0.35355339059327412     
 -0.12499954032085565        6.2499556084750087E-002  0.35355339059327417     
 -0.12499930841631771        6.2499324252748387E-002  0.35355339059327412     
 -0.12499902847295448        6.2499044396946174E-002  0.35355339059327417     
 -0.12499870084187135        6.2498716868338390E-002  0.35355339059327417     
 -0.12499832593397174        6.2498342077699165E-002  0.35355339059327412     
 -0.12499790421943603        6.2497920495061123E-002  0.35355339059327412     
 -0.12499743622712579        6.2497452649119531E-002  0.35355339059327412     
 -0.12499692254391337        6.2496939126562165E-002  0.35355339059327406     
 -0.12499636381393810        6.2496380571325921E-002  0.35355339059327412     
 -0.12499576073779031        6.2495777683780854E-002  0.35355339059327412     
 -0.12499511407162384        6.2495131219843104E-002  0.35355339059327417     
 -0.12499442462619823        6.2494441990017496E-002  0.35355339059327417     
 -0.12499369326585248        6.2493710858371312E-002  0.35355339059327417     
 -0.12499292090741057        6.2492938741440553E-002  0.35355339059327417     
 -0.12499210851902151        6.2492126607070070E-002  0.35355339059327412     
 -0.12499125711893434        6.2491275473189098E-002  0.35355339059327412     
 -0.12499036777421044        6.2490386406523823E-002  0.35355339059327417     
 -0.12498944159937414        6.2489460521248680E-002  0.35355339059327417     
 -0.12498847975500423        6.2488498977578105E-002  0.35355339059327417     
 -0.12498748344626752        6.2487502980300577E-002  0.35355339059327417     
 -0.12498645392139660        6.2486473777256989E-002  0.35355339059327417     
 -0.12498539247011388        6.2485412657765083E-002  0.35355339059327417     
 -0.12498430042200384        6.2484320950992212E-002  0.35355339059327417     
 -0.12498317914483564        6.2483200024278554E-002  0.35355339059327412     
 -0.12498203004283820        6.2482051281412730E-002  0.35355339059327417     
 -0.12498085455493017        6.2480876160862266E-002  0.35355339059327412     
 -0.12497965415290693        6.2479676133961201E-002  0.35355339059327417     
 -0.12497843033958682        6.2478452703056943E-002  0.35355339059327412     
 -0.12497718464691934        6.2477207399619095E-002  0.35355339059327406     
 -0.12497591863405760        6.2475941782312389E-002  0.35355339059327417     
 -0.12497463388539727        6.2474657435036322E-002  0.35355339059327406     
 -0.12497333200858489        6.2473355964934127E-002  0.35355339059327406     
 -0.12497201463249782        6.2472039000373424E-002  0.35355339059327412     
 -0.12497068340519876        6.2470708188901117E-002  0.35355339059327406     
 -0.12496933999186687        6.2469365195175493E-002  0.35355339059327406     
 -0.12496798607270868        6.2468011698877626E-002  0.35355339059327406     
 -0.12496662334085130        6.2466649392605218E-002  0.35355339059327406     
 -0.12496525350022028        6.2465279979751168E-002  0.35355339059327412     
 -0.12496387826340519        6.2463905172369875E-002  0.35355339059327412     
 -0.12496249934951557        6.2462526689033751E-002  0.35355339059327412     
 -0.12496111848202958        6.2461146252682648E-002  0.35355339059327412     
 -0.12495973738663849        6.2459765588469045E-002  0.35355339059327417     
 -0.12495835778908974        6.2458386421601571E-002  0.35355339059327412     
 -0.12495698141303058        6.2457010475189541E-002  0.35355339059327417     
 -0.12495560997785589        6.2455639468091441E-002  0.35355339059327423     
 -0.12495424519656242        6.2454275112769561E-002  0.35355339059327423     
 -0.12495288877361177        6.2452919113154093E-002  0.35355339059327429     
 -0.12495154240280572        6.2451573162518675E-002  0.35355339059327423     
 -0.12495020776517539        6.2450238941370480E-002  0.35355339059327429     
 -0.12494888652688771        6.2448918115357306E-002  0.35355339059327429     
 -0.12494758033717154        6.2447612333194208E-002  0.35355339059327423     
 -0.12494629082626568        6.2446323224612257E-002  0.35355339059327417     
 -0.12494501960339167        6.2445052398331910E-002  0.35355339059327417     
 -0.12494376825475367        6.2443801440063618E-002  0.35355339059327423     
 -0.12494253834156809        6.2442571910537856E-002  0.35355339059327417     
 -0.12494133139812490        6.2441365343567298E-002  0.35355339059327417     
 -0.12494014892988368        6.2440183244143133E-002  0.35355339059327417     
 -0.12493899241160589        6.2439027086568233E-002  0.35355339059327412     
 -0.12493786328552643        6.2437898312629039E-002  0.35355339059327417     
 -0.12493676295956610        6.2436798329808738E-002  0.35355339059327417     
 -0.12493569280558757        6.2435728509543598E-002  0.35355339059327417     
 -0.12493465415769657        6.2434690185524791E-002  0.35355339059327417     
 -0.12493364831059053        6.2433684652047607E-002  0.35355339059327417     
 -0.12493267651795692        6.2432713162410017E-002  0.35355339059327406     
 -0.12493173999092241        6.2431776927362695E-002  0.35355339059327406     
 -0.12493083989655596        6.2430877113612178E-002  0.35355339059327406     
 -0.12492997735642625        6.2430014842378964E-002  0.35355339059327406     
 -0.12492915344521612        6.2429191188012420E-002  0.35355339059327406     
 -0.12492836918939555        6.2428407176663939E-002  0.35355339059327406     
 -0.12492762556595428        6.2427663785020127E-002  0.35355339059327406     
 -0.12492692350119607        6.2426961939097345E-002  0.35355339059327412     
 -0.12492626386959575        6.2426302513099226E-002  0.35355339059327417     
 -0.12492564749272075        6.2425686328338337E-002  0.35355339059327417     
 -0.12492507513821777        6.2425114152223377E-002  0.35355339059327417     
 -0.12492454751886663        6.2424586697313114E-002  0.35355339059327417     
 -0.12492406529170157        6.2424104620438091E-002  0.35355339059327417     
 -0.12492362905720163        6.2423668521891226E-002  0.35355339059327423     
 -0.12492323935855093        6.2423278944688187E-002  0.35355339059327423     
 -0.12492289668096945        6.2422936373898626E-002  0.35355339059327417     
 -0.12492260145111546        6.2422641236048536E-002  0.35355339059327423     
 -0.12492235403656012        6.2422393898595184E-002  0.35355339059327417     
 -0.12492215474533487        6.2422194669474546E-002  0.35355339059327417     
 -0.12492200382555228        6.2422043796722296E-002  0.35355339059327417     
 -0.12492190146510042        6.2421941468168304E-002  0.35355339059327417     
 -0.12492184779141180        6.2421887811205563E-002  0.35355339059327423     
 -0.12492184287130631        6.2421882892633326E-002  0.35355339059327423     
 -0.12492188671090920        6.2421926718574827E-002  0.35355339059327423     
 -0.12492197925564325        6.2422019234469849E-002  0.35355339059327417     
 -0.12492212039029622        6.2422160325141807E-002  0.35355339059327412     
 -0.12492230993916249        6.2422349814939548E-002  0.35355339059327417     
 -0.12492254766625939        6.2422587467953553E-002  0.35355339059327417     
 -0.12492283327561782        6.2422872988306385E-002  0.35355339059327417     
 -0.12492316641164639        6.2423206020516930E-002  0.35355339059327423     
 -0.12492354665956949        6.2423586149938093E-002  0.35355339059327417     
 -0.12492397354593797        6.2424012903267420E-002  0.35355339059327417     
 -0.12492444653921214        6.2424485749130044E-002  0.35355339059327412     
 -0.12492496505041659        6.2425004098733139E-002  0.35355339059327417     
 -0.12492552843386584        6.2425567306591399E-002  0.35355339059327417     
 -0.12492613598795993        6.2426174671322401E-002  0.35355339059327412     
 -0.12492678695604913        6.2426825436511041E-002  0.35355339059327417     
 -0.12492748052736670        6.2427518791642073E-002  0.35355339059327406     
 -0.12492821583802871        6.2428253873099485E-002  0.35355339059327412     
 -0.12492899197209947        6.2429029765231750E-002  0.35355339059327412     
 -0.12492980796272156        6.2429845501481437E-002  0.35355339059327406     
 -0.12493066279330911        6.2430700065578104E-002  0.35355339059327412     
 -0.12493155539880263        6.2431592392792890E-002  0.35355339059327417     
 -0.12493248466698438        6.2432521371253227E-002  0.35355339059327417     
 -0.12493344943985216        6.2433485843316455E-002  0.35355339059327417     
 -0.12493444851505035        6.2434484607000365E-002  0.35355339059327417     
 -0.12493548064735627        6.2435516417469014E-002  0.35355339059327417     
 -0.12493654455022012        6.2436579988572258E-002  0.35355339059327417     
 -0.12493763889735660        6.2437673994436851E-002  0.35355339059327417     
 -0.12493876232438633        6.2438797071107485E-002  0.35355339059327417     
 -0.12493991343052527        6.2439947818235524E-002  0.35355339059327417     
 -0.12494109078031984        6.2441124800813708E-002  0.35355339059327417     
 -0.12494229290542587        6.2442326550954441E-002  0.35355339059327423     
 -0.12494351830642887        6.2443551569709682E-002  0.35355339059327417     
 -0.12494476545470409        6.2444798328930247E-002  0.35355339059327423     
 -0.12494603279431328        6.2446065273162127E-002  0.35355339059327417     
 -0.12494731874393662        6.2447350821577673E-002  0.35355339059327423     
 -0.12494862169883686        6.2448653369939301E-002  0.35355339059327417     
 -0.12494994003285367        6.2449971292593116E-002  0.35355339059327423     
 -0.12495127210042554        6.2451302944490215E-002  0.35355339059327423     
 -0.12495261623863700        6.2452646663233219E-002  0.35355339059327423     
 -0.12495397076928808        6.2454000771145282E-002  0.35355339059327417     
 -0.12495533400098453        6.2455363577359410E-002  0.35355339059327417     
 -0.12495670423124493        6.2456733379925043E-002  0.35355339059327417     
 -0.12495807974862304        6.2458108467929804E-002  0.35355339059327423     
 -0.12495945883484248        6.2459487123633327E-002  0.35355339059327417     
 -0.12496083976694079        6.2460867624610929E-002  0.35355339059327417     
 -0.12496222081942085        6.2462248245904087E-002  0.35355339059327417     
 -0.12496360026640625        6.2463627262175324E-002  0.35355339059327417     
 -0.12496497638379861        6.2465002949864665E-002  0.35355339059327417     
 -0.12496634745143353        6.2466373589345120E-002  0.35355339059327417     
 -0.12496771175523284        6.2467737467074180E-002  0.35355339059327417     
 -0.12496906758935052        6.2469092877739010E-002  0.35355339059327417     
 -0.12497041325830925        6.2470438126392400E-002  0.35355339059327417     
 -0.12497174707912515        6.2471771530576786E-002  0.35355339059327417     
 -0.12497306738341797        6.2473091422433812E-002  0.35355339059327417     
 -0.12497437251950397        6.2474396150796543E-002  0.35355339059327417     
 -0.12497566085446907        6.2475684083261943E-002  0.35355339059327412     
 -0.12497693077621916        6.2476953608240612E-002  0.35355339059327417     
 -0.12497818069550572        6.2478203136981617E-002  0.35355339059327412     
 -0.12497940904792323        6.2479431105569430E-002  0.35355339059327406     
 -0.12498061429587670        6.2480635976890769E-002  0.35355339059327406     
 -0.12498179493051610        6.2481816242568378E-002  0.35355339059327406     
 -0.12498294947363572        6.2482970424859903E-002  0.35355339059327406     
 -0.12498407647953569        6.2484097078518652E-002  0.35355339059327406     
 -0.12498517453684341        6.2485194792614537E-002  0.35355339059327406     
 -0.12498624227029245        6.2486262192312542E-002  0.35355339059327406     
 -0.12498727834245678        6.2487297940606118E-002  0.35355339059327406     
 -0.12498828145543792        6.2488300740003971E-002  0.35355339059327406     
 -0.12498925035250277        6.2489269334167472E-002  0.35355339059327401     
 -0.12499018381967041        6.2490202509496690E-002  0.35355339059327401     
 -0.12499108068724513        6.2491099096663130E-002  0.35355339059327406     
 -0.12499193983129431        6.2491957972087106E-002  0.35355339059327406     
 -0.12499276017506900        6.2492778059357754E-002  0.35355339059327412     
 -0.12499354069036502        6.2493558330593862E-002  0.35355339059327406     
 -0.12499428039882352        6.2494297807743932E-002  0.35355339059327412     
 -0.12499497837316852        6.2494995563823305E-002  0.35355339059327417     
 -0.12499563373838038        6.2495650724087318E-002  0.35355339059327417     
 -0.12499624567280339        6.2496262467138450E-002  0.35355339059327417     
 -0.12499681340918598        6.2496830025966316E-002  0.35355339059327417     
 -0.12499733623565250        6.2497352688919025E-002  0.35355339059327417     
 -0.12499781349660485        6.2497829800604573E-002  0.35355339059327412     
 -0.12499824459355309        6.2498260762721178E-002  0.35355339059327406     
 -0.12499862898587390        6.2498645034815545E-002  0.35355339059327401     
 -0.12499896619149571        6.2498982134967671E-002  0.35355339059327406     
 -0.12499925578750984        6.2499271640401866E-002  0.35355339059327406     
 -0.12499949741070654        6.2499513188022632E-002  0.35355339059327412     
 -0.12499969075803562        6.2499706474875114E-002  0.35355339059327412     
 -0.12499983558699081        6.2499851258529207E-002  0.35355339059327406     
 -0.12499993171591697        6.2499947357387030E-002  0.35355339059327406     
 -0.12499997902424090        6.2499994650913243E-002  0.35355339059327412     
 -0.12499997745262388        6.2499993079787847E-002  0.35355339059327417     
 -0.12499992700303728        6.2499942645981521E-002  0.35355339059327417     
 -0.12499982773875970        6.2499843412753026E-002  0.35355339059327417     
 -0.12499967978429706        6.2499695504569047E-002  0.35355339059327417     
 -0.12499948332522443        6.2499499106946313E-002  0.35355339059327423     
 -0.12499923860795080        6.2499254466216320E-002  0.35355339059327423     
 -0.12499894593940651        6.2498961889212931E-002  0.35355339059327429     
 -0.12499860568665420        6.2498621742883266E-002  0.35355339059327423     
 -0.12499821827642331        6.2498234453822563E-002  0.35355339059327423     
 -0.12499778419456897        6.2497800507733244E-002  0.35355339059327429     
 -0.12499730398545636        6.2497320448809283E-002  0.35355339059327429     
 -0.12499677825127065        6.2496794879046497E-002  0.35355339059327423     
 -0.12499620765125394        6.2496224457479793E-002  0.35355339059327429     
 -0.12499559290087008        6.2495609899348062E-002  0.35355339059327423     
 -0.12499493477089833        6.2494951975188374E-002  0.35355339059327423     
 -0.12499423408645742        6.2494251509860099E-002  0.35355339059327423     
 -0.12499349172596073        6.2493509381500598E-002  0.35355339059327423     
 -0.12499270862000446        6.2492726520413711E-002  0.35355339059327417     
 -0.12499188575019009        6.2491903907892589E-002  0.35355339059327417     
 -0.12499102414788270        6.2491042574978291E-002  0.35355339059327417     
 -0.12499012489290635        6.2490143601155887E-002  0.35355339059327417     
 -0.12498918911217929        6.2489208112989705E-002  0.35355339059327417     
 -0.12498821797828952        6.2488237282699644E-002  0.35355339059327412     
 -0.12498721270801331        6.2487232326680110E-002  0.35355339059327406     
 -0.12498617456077867        6.2486194503963866E-002  0.35355339059327406     
 -0.12498510483707527        6.2485125114632514E-002  0.35355339059327406     
 -0.12498400487681324        6.2484025498175930E-002  0.35355339059327412     
 -0.12498287605763307        6.2482897031802473E-002  0.35355339059327406     
 -0.12498171979316831        6.2481741128702500E-002  0.35355339059327412     
 -0.12498053753126398        6.2480559236267136E-002  0.35355339059327417     
 -0.12497933075215241        6.2479352834264770E-002  0.35355339059327412     
 -0.12497810096658922        6.2478123432977650E-002  0.35355339059327412     
 -0.12497684971395173        6.2476872571300815E-002  0.35355339059327412     
 -0.12497557856030220        6.2475601814806034E-002  0.35355339059327412     
 -0.12497428909641833        6.2474312753772951E-002  0.35355339059327412     
 -0.12497298293579404        6.2473007001190323E-002  0.35355339059327406     
 -0.12497166171261205        6.2471686190729521E-002  0.35355339059327412     
 -0.12497032707969223        6.2470351974693139E-002  0.35355339059327412     
 -0.12496898070641686        6.2469006021941338E-002  0.35355339059327412     
 -0.12496762427663669        6.2467650015798265E-002  0.35355339059327412     
 -0.12496625948655971        6.2466285651941601E-002  0.35355339059327406     
 -0.12496488804262564        6.2464914636277680E-002  0.35355339059327406     
 -0.12496351165936853        6.2463538682804770E-002  0.35355339059327406     
 -0.12496213205727051        6.2462159511467552E-002  0.35355339059327401     
 -0.12496075096060923        6.2460778846005094E-002  0.35355339059327401     
 -0.12495937009530146        6.2459398411795382E-002  0.35355339059327401     
 -0.12495799118674633        6.2458019933698823E-002  0.35355339059327401     
 -0.12495661595766951        6.2456645133903574E-002  0.35355339059327406     
 -0.12495524612597275        6.2455275729775377E-002  0.35355339059327412     
 -0.12495388340258999        6.2453913431714483E-002  0.35355339059327406     
 -0.12495252948935348        6.2452559941022563E-002  0.35355339059327406     
 -0.12495118607687249        6.2451216947781760E-002  0.35355339059327417     
 -0.12494985484242681        6.2449886128749167E-002  0.35355339059327412     
 -0.12494853744787829        6.2448569145268841E-002  0.35355339059327412     
 -0.12494723553760240        6.2447267641203973E-002  0.35355339059327406     
 -0.12494595073644263        6.2445983240892081E-002  0.35355339059327406     
 -0.12494468464769033        6.2444717547125356E-002  0.35355339059327417     
 -0.12494343885109226        6.2443472139158775E-002  0.35355339059327417     
 -0.12494221490088828        6.2442248570748565E-002  0.35355339059327417     
 -0.12494101432388184        6.2441048368223159E-002  0.35355339059327417     
 -0.12493983861754536        6.2439873028589138E-002  0.35355339059327417     
 -0.12493868924816269        6.2438724017674446E-002  0.35355339059327417     
 -0.12493756764901147        6.2437602768311062E-002  0.35355339059327417     
 -0.12493647521858690        6.2436510678559473E-002  0.35355339059327417     
 -0.12493541331886944        6.2435449109976886E-002  0.35355339059327417     
 -0.12493438327363854        6.2434419385931458E-002  0.35355339059327417     
 -0.12493338636683432        6.2433422789964457E-002  0.35355339059327417     
 -0.12493242384096918        6.2432460564202361E-002  0.35355339059327417     
 -0.12493149689559122        6.2431533907820788E-002  0.35355339059327406     
 -0.12493060668580143        6.2430643975562111E-002  0.35355339059327406     
 -0.12492975432082638        6.2429791876308566E-002  0.35355339059327406     
 -0.12492894086264789        6.2428978671712418E-002  0.35355339059327412     
 -0.12492816732469182        6.2428205374884999E-002  0.35355339059327412     
 -0.12492743467057689        6.2427472949146051E-002  0.35355339059327412     
 -0.12492674381292547        6.2426782306834877E-002  0.35355339059327412     
 -0.12492609561223783        6.2426134308184819E-002  0.35355339059327417     
 -0.12492549087583073        6.2425529760262229E-002  0.35355339059327417     
 -0.12492493035684191        6.2424969415971317E-002  0.35355339059327417     
 -0.12492441475330168        6.2424453973125987E-002  0.35355339059327417     
 -0.12492394470727268        6.2423984073589803E-002  0.35355339059327417     
 -0.12492352080405869        6.2423560302485054E-002  0.35355339059327417     
 -0.12492314357148344        6.2423183187471934E-002  0.35355339059327417     
 -0.12492281347924064        6.2422853198098496E-002  0.35355339059327417     
 -0.12492253093831533        6.2422570745222464E-002  0.35355339059327423     
 -0.12492229630047798        6.2422336180505245E-002  0.35355339059327417     
 -0.12492210985785113        6.2422149795978918E-002  0.35355339059327423     
 -0.12492197184255008        6.2422011823686757E-002  0.35355339059327423     
 -0.12492188242639678        6.2421922435397556E-002  0.35355339059327423     
 -0.12492184172070861        6.2421881742394117E-002  0.35355339059327412     
 -0.12492184977616114        6.2421889795336395E-002  0.35355339059327401     
 -0.12492190658272599        6.2421946584199070E-002  0.35355339059327401     
 -0.12492201206968297        6.2422052038283854E-002  0.35355339059327401     
 -0.12492216610570719        6.2422206026306618E-002  0.35355339059327395     
 -0.12492236849903082        6.2422408356558885E-002  0.35355339059327401     
 -0.12492261899767895        6.2422658777143869E-002  0.35355339059327395     
 -0.12492291728977994        6.2422956976286581E-002  0.35355339059327401     
 -0.12492326300394938        6.2423302582717673E-002  0.35355339059327401     
 -0.12492365570974728        6.2423695166130583E-002  0.35355339059327401     
 -0.12492409491820824        6.2424134237711468E-002  0.35355339059327401     
 -0.12492458008244364        6.2424619250741220E-002  0.35355339059327401     
 -0.12492511059831525        6.2425149601268964E-002  0.35355339059327406     
 -0.12492568580517972        6.2425724628856108E-002  0.35355339059327401     
 -0.12492630498670254        6.2426343617390301E-002  0.35355339059327406     
 -0.12492696737174107        6.2427005795967994E-002  0.35355339059327406     
 -0.12492767213529517        6.2427710339844941E-002  0.35355339059327412     
 -0.12492841839952454        6.2428456371453181E-002  0.35355339059327406     
 -0.12492920523483168        6.2429242961483541E-002  0.35355339059327406     
 -0.12493003166100866        6.2430069130032295E-002  0.35355339059327406     
 -0.12493089664844705        6.2430933847810482E-002  0.35355339059327406     
 -0.12493179911940892        6.2431836037414708E-002  0.35355339059327406     
 -0.12493273794935802        6.2432774574657762E-002  0.35355339059327406     
 -0.12493371196834879        6.2433748289957430E-002  0.35355339059327406     
 -0.12493471996247256        6.2434755969781930E-002  0.35355339059327406     
 -0.12493576067535803        6.2435796358150233E-002  0.35355339059327406     
 -0.12493683280972534        6.2436868158185527E-002  0.35355339059327406     
 -0.12493793502899113        6.2437970033719675E-002  0.35355339059327406     
 -0.12493906595892279        6.2439100610947276E-002  0.35355339059327412     
 -0.12494022418934045        6.2440258480126777E-002  0.35355339059327412     
 -0.12494140827586377        6.2441442197326918E-002  0.35355339059327412     
 -0.12494261674170215        6.2442650286216414E-002  0.35355339059327417     
 -0.12494384807948591        6.2443881239894479E-002  0.35355339059327412     
 -0.12494510075313620        6.2445133522760175E-002  0.35355339059327412     
 -0.12494637319977138        6.2446405572418345E-002  0.35355339059327412     
 -0.12494766383164788        6.2447695801619581E-002  0.35355339059327412     
 -0.12494897103813236        6.2449002600232117E-002  0.35355339059327412     
 -0.12495029318770391        6.2450324337243138E-002  0.35355339059327412     
 -0.12495162862998273        6.2451659362786981E-002  0.35355339059327412     
 -0.12495297569778356        6.2453006010197910E-002  0.35355339059327417     
 -0.12495433270919103        6.2454362598084776E-002  0.35355339059327417     
 -0.12495569796965439        6.2455727432425182E-002  0.35355339059327423     
 -0.12495706977409918        6.2457098808676378E-002  0.35355339059327417     
 -0.12495844640905303        6.2458475013900422E-002  0.35355339059327417     
 -0.12495982615478290        6.2459854328900964E-002  0.35355339059327417     
 -0.12496120728744180        6.2461235030368913E-002  0.35355339059327423     
 -0.12496258808122102        6.2462615393034403E-002  0.35355339059327423     
 -0.12496396681050664        6.2463993691822338E-002  0.35355339059327423     
 -0.12496534175203661        6.2465368204008886E-002  0.35355339059327417     
 -0.12496671118705591        6.2466737211376099E-002  0.35355339059327417     
 -0.12496807340346762        6.2468099002362033E-002  0.35355339059327417     
 -0.12496942669797634        6.2469451874203767E-002  0.35355339059327417     
 -0.12497076937822207        6.2470794135070430E-002  0.35355339059327423     
 -0.12497209976490112        6.2472124106183594E-002  0.35355339059327417     
 -0.12497341619387221        6.2473440123922530E-002  0.35355339059327417     
 -0.12497471701824417        6.2474740541911399E-002  0.35355339059327417     
 -0.12497600061044326        6.2476023733085966E-002  0.35355339059327417     
 -0.12497726536425743        6.2477288091736950E-002  0.35355339059327417     
 -0.12497850969685431        6.2478532035527654E-002  0.35355339059327417     
 -0.12497973205077112        6.2479754007483214E-002  0.35355339059327417     
 -0.12498093089587370        6.2480952477948770E-002  0.35355339059327417     
 -0.12498210473128177        6.2482125946514352E-002  0.35355339059327417     
 -0.12498325208725831        6.2483272943903739E-002  0.35355339059327417     
 -0.12498437152706096        6.2484392033824901E-002  0.35355339059327423     
 -0.12498546164875210        6.2485481814779822E-002  0.35355339059327423     
 -0.12498652108696617        6.2486540921831271E-002  0.35355339059327429     
 -0.12498754851463163        6.2487568028323962E-002  0.35355339059327423     
 -0.12498854264464516        6.2488561847558452E-002  0.35355339059327429     
 -0.12498950223149617        6.2489521134414971E-002  0.35355339059327423     
 -0.12499042607283929        6.2490444686925661E-002  0.35355339059327423     
 -0.12499131301101322        6.2491331347792667E-002  0.35355339059327429     
 -0.12499216193450348        6.2492180005850370E-002  0.35355339059327429     
 -0.12499297177934696        6.2492989597469989E-002  0.35355339059327429     
 -0.12499374153047772        6.2493759107904306E-002  0.35355339059327429     
 -0.12499447022301040        6.2494487572571103E-002  0.35355339059327429     
 -0.12499515694346117        6.2495174078273583E-002  0.35355339059327423     
 -0.12499580083090370        6.2495817764355949E-002  0.35355339059327423     
 -0.12499640107805898        6.2496417823792907E-002  0.35355339059327423     
 -0.12499695693231756        6.2496973504211531E-002  0.35355339059327423     
 -0.12499746769669251        6.2497484108844023E-002  0.35355339059327423     
 -0.12499793273070257        6.2497948997410485E-002  0.35355339059327423     
 -0.12499835145118354        6.2498367586930045E-002  0.35355339059327429     
 -0.12499872333302729        6.2498739352459684E-002  0.35355339059327429     
 -0.12499904790984728        6.2499063827759549E-002  0.35355339059327429     
 -0.12499932477456992        6.2499340605884031E-002  0.35355339059327429     
 -0.12499955357995043        6.2499569339697629E-002  0.35355339059327429     
 -0.12499973403901343        6.2499749742315133E-002  0.35355339059327429     
 -0.12499986592541656        6.2499881587465445E-002  0.35355339059327423     
 -0.12499994907373778        6.2499964709778491E-002  0.35355339059327423     
 -0.12499998337968486        6.2499999004994936E-002  0.35355339059327429     
 -0.12499996880022805        6.2499984430098465E-002  0.35355339059327423     
 -0.12499990535365427        6.2499921003370332E-002  0.35355339059327423     
 -0.12499979311954421        6.2499808804366105E-002  0.35355339059327423     
 -0.12499963223867119        6.2499647973814909E-002  0.35355339059327429     
 -0.12499942291282275        6.2499438713440783E-002  0.35355339059327429     
 -0.12499916540454467        6.2499181285706931E-002  0.35355339059327429     
 -0.12499886003680809        6.2498876013482890E-002  0.35355339059327429     
 -0.12499850719259990        6.2498523279635121E-002  0.35355339059327423     
 -0.12499810731443721        6.2498123526541598E-002  0.35355339059327423     
 -0.12499766090380635        6.2497677255530952E-002  0.35355339059327417     
 -0.12499716852052725        6.2497185026247085E-002  0.35355339059327423     
 -0.12499663078204383        6.2496647455939830E-002  0.35355339059327423     
 -0.12499604836264191        6.2496065218682936E-002  0.35355339059327423     
 -0.12499542199259456        6.2495439044520068E-002  0.35355339059327429     
 -0.12499475245723760        6.2494769718540073E-002  0.35355339059327429     
 -0.12499404059597470        6.2494058079882966E-002  0.35355339059327434     
 -0.12499328730121509        6.2493305020677445E-002  0.35355339059327429     
 -0.12499249351724373        6.2492511484911875E-002  0.35355339059327429     
 -0.12499166023902666        6.2491678467239797E-002  0.35355339059327429     
 -0.12499078851095258        6.2490807011721772E-002  0.35355339059327429     
 -0.12498987942551176        6.2489898210505129E-002  0.35355339059327429     
 -0.12498893412191543        6.2488953202443340E-002  0.35355339059327429     
 -0.12498795378465585        6.2487973171656844E-002  0.35355339059327429     
 -0.12498693964201005        6.2486959346037207E-002  0.35355339059327429     
 -0.12498589296448881        6.2485912995696530E-002  0.35355339059327429     
 -0.12498481506323289        6.2484835431364148E-002  0.35355339059327423     
 -0.12498370728835845        6.2483728002732788E-002  0.35355339059327423     
 -0.12498257102725421        6.2482592096756107E-002  0.35355339059327423     
 -0.12498140770283232        6.2481429135900032E-002  0.35355339059327429     
 -0.12498021877173490        6.2480240576350154E-002  0.35355339059327429     
 -0.12497900572249937        6.2479027906177327E-002  0.35355339059327429     
 -0.12497777007368395        6.2477792643463988E-002  0.35355339059327429     
 -0.12497651337195657        6.2476536334393595E-002  0.35355339059327429     
 -0.12497523719014926        6.2475260551305520E-002  0.35355339059327434     
 -0.12497394312528025        6.2473966890718047E-002  0.35355339059327434     
 -0.12497263279654718        6.2472656971321948E-002  0.35355339059327434     
 -0.12497130784329302        6.2471332431947135E-002  0.35355339059327429     
 -0.12496996992294780        6.2469994929505078E-002  0.35355339059327429     
 -0.12496862070894868        6.2468646136909556E-002  0.35355339059327434     
 -0.12496726188864118        6.2467287740978393E-002  0.35355339059327434     
 -0.12496589516116370        6.2465921440318817E-002  0.35355339059327429     
 -0.12496452223531876        6.2464548943199270E-002  0.35355339059327429     
 -0.12496314482743290        6.2463171965409986E-002  0.35355339059327429     
 -0.12496176465920851        6.2461792228115563E-002  0.35355339059327429     
 -0.12496038345556998        6.2460411455701671E-002  0.35355339059327429     
 -0.12495900294250697        6.2459031373619113E-002  0.35355339059327429     
 -0.12495762484491756        6.2457653706227537E-002  0.35355339059327429     
 -0.12495625088445367        6.2456280174641665E-002  0.35355339059327434     
 -0.12495488277737207        6.2454912494582820E-002  0.35355339059327429     
 -0.12495352223239282        6.2453552374238178E-002  0.35355339059327434     
 -0.12495217094856866        6.2452201512130670E-002  0.35355339059327434     
 -0.12495083061316715        6.2450861595001933E-002  0.35355339059327434     
 -0.12494950289956896        6.2449534295711137E-002  0.35355339059327440     
 -0.12494818946518438        6.2448221271152113E-002  0.35355339059327434     
 -0.12494689194939057        6.2446924160191507E-002  0.35355339059327434     
 -0.12494561197149281        6.2445644581630252E-002  0.35355339059327440     
 -0.12494435112871116        6.2444384132191215E-002  0.35355339059327440     
 -0.12494311099419597        6.2443144384535063E-002  0.35355339059327440     
 -0.12494189311507403        6.2441926885307183E-002  0.35355339059327440     
 -0.12494069901052808        6.2440733153217659E-002  0.35355339059327445     
 -0.12493953016991184        6.2439564677156986E-002  0.35355339059327440     
 -0.12493838805090290        6.2438422914349555E-002  0.35355339059327440     
 -0.12493727407769592        6.2437309288547141E-002  0.35355339059327440     
 -0.12493618963923769        6.2436225188264929E-002  0.35355339059327440     
 -0.12493513608750720        6.2435171965061702E-002  0.35355339059327440     
 -0.12493411473584165        6.2434150931866654E-002  0.35355339059327440     
 -0.12493312685731131        6.2433163361354599E-002  0.35355339059327440     
 -0.12493217368314477        6.2432210484371732E-002  0.35355339059327440     
 -0.12493125640120650        6.2431293488413683E-002  0.35355339059327440     
 -0.12493037615452857        6.2430413516157676E-002  0.35355339059327440     
 -0.12492953403989834        6.2429571664050637E-002  0.35355339059327445     
 -0.12492873110650385        6.2428768980954959E-002  0.35355339059327445     
 -0.12492796835463817        6.2428006466853328E-002  0.35355339059327451     
 -0.12492724673446479        6.2427285071614443E-002  0.35355339059327451     
 -0.12492656714484510        6.2426605693820900E-002  0.35355339059327445     
 -0.12492593043222959        6.2425969179660604E-002  0.35355339059327445     
 -0.12492533738961387        6.2425376321883261E-002  0.35355339059327445     
 -0.12492478875556094        6.2424827858822834E-002  0.35355339059327445     
 -0.12492428521329083        6.2424324473487502E-002  0.35355339059327440     
 -0.12492382738983841        6.2423866792717830E-002  0.35355339059327445     
 -0.12492341585528119        6.2423455386414473E-002  0.35355339059327445     
 -0.12492305112203651        6.2423090766836040E-002  0.35355339059327445     
 -0.12492273364423082        6.2422773387968172E-002  0.35355339059327445     
 -0.12492246381714014        6.2422503644964426E-002  0.35355339059327445     
 -0.12492224197670355        6.2422281873659696E-002  0.35355339059327440     
 -0.12492206839910928        6.2422108350156741E-002  0.35355339059327445     
 -0.12492194330045504        6.2421983290486212E-002  0.35355339059327445     
 -0.12492186683648177        6.2421906850340769E-002  0.35355339059327440     
 -0.12492183910238193        6.2421879124883450E-002  0.35355339059327434     
 -0.12492186013268242        6.2421900148630464E-002  0.35355339059327440     
 -0.12492192990120210        6.2421969895408741E-002  0.35355339059327434     
 -0.12492204832108394        6.2422088278388160E-002  0.35355339059327434     
 -0.12492221524490196        6.2422255150188434E-002  0.35355339059327440     
 -0.12492243046484268        6.2422470303060494E-002  0.35355339059327440     
 -0.12492269371296096        6.2422733469142240E-002  0.35355339059327434     
 -0.12492300466150991        6.2423044320788310E-002  0.35355339059327434     
 -0.12492336292334431        6.2423402470973492E-002  0.35355339059327440     
 -0.12492376805239738        6.2423807473769299E-002  0.35355339059327434     
 -0.12492421954423016        6.2424258824893081E-002  0.35355339059327434     
 -0.12492471683665275        6.2424755962329215E-002  0.35355339059327440     
 -0.12492525931041686        6.2425298267021381E-002  0.35355339059327440     
 -0.12492584628997881        6.2425885063635417E-002  0.35355339059327440     
 -0.12492647704433216        6.2426515621391475E-002  0.35355339059327440     
 -0.12492715078790856        6.2427189154964868E-002  0.35355339059327440     
 -0.12492786668154653        6.2427904825454364E-002  0.35355339059327434     
 -0.12492862383352614        6.2428661741416730E-002  0.35355339059327440     
 -0.12492942130066921        6.2429458959966322E-002  0.35355339059327440     
 -0.12493025808950300        6.2430295487938686E-002  0.35355339059327440     
 -0.12493113315748654        6.2431170283116337E-002  0.35355339059327440     
 -0.12493204541429763        6.2432082255515609E-002  0.35355339059327440     
 -0.12493299372317987        6.2433030268732918E-002  0.35355339059327434     
 -0.12493397690234680        6.2434013141348832E-002  0.35355339059327440     
 -0.12493499372644283        6.2435029648388263E-002  0.35355339059327440     
 -0.12493604292805814        6.2436078522835052E-002  0.35355339059327440     
 -0.12493712319929645        6.2437158457199313E-002  0.35355339059327440     
 -0.12493823319339344        6.2438268105135170E-002  0.35355339059327440     
 -0.12493937152638383        6.2439406083107551E-002  0.35355339059327440     
 -0.12494053677881556        6.2440570972105605E-002  0.35355339059327434     
 -0.12494172749750822        6.2441761319400844E-002  0.35355339059327434     
 -0.12494294219735451        6.2442975640347849E-002  0.35355339059327440     
 -0.12494417936316188        6.2444212420225423E-002  0.35355339059327434     
 -0.12494543745153240        6.2445470116115911E-002  0.35355339059327434     
 -0.12494671489277856        6.2446747158820280E-002  0.35355339059327434     
 -0.12494801009287243        6.2448041954806993E-002  0.35355339059327434     
 -0.12494932143542663        6.2449352888191811E-002  0.35355339059327434     
 -0.12495064728370307        6.2450678322746568E-002  0.35355339059327429     
 -0.12495198598264907        6.2452016603934221E-002  0.35355339059327434     
 -0.12495333586095668        6.2453366060967540E-002  0.35355339059327429     
 -0.12495469523314323        6.2454725008889378E-002  0.35355339059327429     
 -0.12495606240165121        6.2456091750671357E-002  0.35355339059327434     
 -0.12495743565896347        6.2457464579328985E-002  0.35355339059327429     
 -0.12495881328973277        6.2458841780050095E-002  0.35355339059327429     
 -0.12496019357292164        6.2460221632334209E-002  0.35355339059327429     
 -0.12496157478395067        6.2461602412140230E-002  0.35355339059327423     
 -0.12496295519685245        6.2462982394039565E-002  0.35355339059327423     
 -0.12496433308642818        6.2464359853372217E-002  0.35355339059327423     
 -0.12496570673040468        6.2465733068402987E-002  0.35355339059327429     
 -0.12496707441158880        6.2467100322475225E-002  0.35355339059327429     
 -0.12496843442001648        6.2468459906159297E-002  0.35355339059327429     
 -0.12496978505509404        6.2469810119393197E-002  0.35355339059327429     
 -0.12497112462772893        6.2471149273612511E-002  0.35355339059327434     
 -0.12497245146244684        6.2472475693867012E-002  0.35355339059327434     
 -0.12497376389949325        6.2473787720921367E-002  0.35355339059327434     
 -0.12497506029691585        6.2475083713337203E-002  0.35355339059327434     
 -0.12497633903262619        6.2476362049533718E-002  0.35355339059327429     
 -0.12497759850643690        6.2477621129824606E-002  0.35355339059327429     
 -0.12497883714207279        6.2478859378428279E-002  0.35355339059327429     
 -0.12498005338915259        6.2480075245449129E-002  0.35355339059327429     
 -0.12498124572513918        6.2481267208827088E-002  0.35355339059327429     
 -0.12498241265725575        6.2482433776253128E-002  0.35355339059327429     
 -0.12498355272436519        6.2483573487048201E-002  0.35355339059327429     
 -0.12498466449881070        6.2484684914003066E-002  0.35355339059327429     
 -0.12498574658821478        6.2485766665176898E-002  0.35355339059327429     
 -0.12498679763723472        6.2486817385652094E-002  0.35355339059327429     
 -0.12498781632927194        6.2487835759243146E-002  0.35355339059327434     
 -0.12498880138813338        6.2488820510157410E-002  0.35355339059327440     
 -0.12498975157964215        6.2489770404605356E-002  0.35355339059327440     
 -0.12499066571319617        6.2490684252358646E-002  0.35355339059327440     
 -0.12499154264327204        6.2491560908253557E-002  0.35355339059327440     
 -0.12499238127087269        6.2492399273638061E-002  0.35355339059327440     
 -0.12499318054491639        6.2493198297760622E-002  0.35355339059327440     
 -0.12499393946356614        6.2493956979098861E-002  0.35355339059327440     
 -0.12499465707549662        6.2494674366626340E-002  0.35355339059327440     
 -0.12499533248109791        6.2495349561015850E-002  0.35355339059327440     
 -0.12499596483361422        6.2495981715777651E-002  0.35355339059327434     
 -0.12499655334021563        6.2496570038331006E-002  0.35355339059327434     
 -0.12499709726300214        6.2497113791007863E-002  0.35355339059327440     
 -0.12499759591993824        6.2497612291987123E-002  0.35355339059327440     
 -0.12499804868571690        6.2498064916158350E-002  0.35355339059327440     
 -0.12499845499255195        6.2498471095913888E-002  0.35355339059327440     
 -0.12499881433089756        6.2498830321868107E-002  0.35355339059327440     
 -0.12499912625009413        6.2499142143503189E-002  0.35355339059327440     
 -0.12499939035893967        6.2499406169740090E-002  0.35355339059327440     
 -0.12499960632618562        6.2499622069434491E-002  0.35355339059327440     
 -0.12499977388095701        6.2499789571796610E-002  0.35355339059327434     
 -0.12499989281309597        6.2499908466734637E-002  0.35355339059327440     
 -0.12499996297342808        6.2499978605121131E-002  0.35355339059327434     
 -0.12499998427395180        6.2499999898982195E-002  0.35355339059327445     
 -0.12499995668794987        6.2499972321609018E-002  0.35355339059327451     
 -0.12499988025002345        6.2499895907591786E-002  0.35355339059327445     
 -0.12499975505604788        6.2499770752775755E-002  0.35355339059327445     
 -0.12499958126305143        6.2499597014139791E-002  0.35355339059327445     
 -0.12499935908901594        6.2499374909597158E-002  0.35355339059327451     
 -0.12499908881260043        6.2499104717719217E-002  0.35355339059327451     
 -0.12499877077278770        6.2498786777382236E-002  0.35355339059327451     
 -0.12499840536845469        6.2498421487337599E-002  0.35355339059327451     
 -0.12499799305786641        6.2498009305706287E-002  0.35355339059327451     
 -0.12499753435809534        6.2497550749398195E-002  0.35355339059327451     
 -0.12499702984436595        6.2497046393456879E-002  0.35355339059327451     
 -0.12499648014932563        6.2496496870330862E-002  0.35355339059327451     
 -0.12499588596224320        6.2495902869072306E-002  0.35355339059327451     
 -0.12499524802813572        6.2495265134464073E-002  0.35355339059327451     
 -0.12499456714682486        6.2494584466076489E-002  0.35355339059327456     
 -0.12499384417192430        6.2493861717254948E-002  0.35355339059327451     
 -0.12499308000975894        6.2493097794039595E-002  0.35355339059327451     
 -0.12499227561821795        6.2492293654018705E-002  0.35355339059327451     
 -0.12499143200554297        6.2491450305117144E-002  0.35355339059327451     
 -0.12499055022905257        6.2490568804321522E-002  0.35355339059327456     
 -0.12498963139380559        6.2489650256343635E-002  0.35355339059327451     
 -0.12498867665120428        6.2488695812224201E-002  0.35355339059327451     
 -0.12498768719753925        6.2487706667878312E-002  0.35355339059327451     
 -0.12498666427247841        6.2486684062584910E-002  0.35355339059327451     
 -0.12498560915750187        6.2485629277421920E-002  0.35355339059327440     
 -0.12498452317428420        6.2484543633649331E-002  0.35355339059327440     
 -0.12498340768302704        6.2483428491042145E-002  0.35355339059327451     
 -0.12498226408074366        6.2482285246175474E-002  0.35355339059327445     
 -0.12498109379949759        6.2481115330663958E-002  0.35355339059327440     
 -0.12497989830459835        6.2479920209357762E-002  0.35355339059327440     
 -0.12497867909275560        6.2478701378497550E-002  0.35355339059327440     
 -0.12497743769019494        6.2477460363830686E-002  0.35355339059327445     
 -0.12497617565073714        6.2476198718691291E-002  0.35355339059327445     
 -0.12497489455384389        6.2474918022046390E-002  0.35355339059327440     
 -0.12497359600263197        6.2473619876510830E-002  0.35355339059327440     
 -0.12497228162185869        6.2472305906333472E-002  0.35355339059327440     
 -0.12497095305588146        6.2470977755357072E-002  0.35355339059327440     
 -0.12496961196659331        6.2469637084954732E-002  0.35355339059327434     
 -0.12496826003133767        6.2468285571945302E-002  0.35355339059327434     
 -0.12496689894080493        6.2466924906490570E-002  0.35355339059327440     
 -0.12496553039691333        6.2465556789976631E-002  0.35355339059327440     
 -0.12496415611067657        6.2464182932882542E-002  0.35355339059327440     
 -0.12496277780006163        6.2462805052638494E-002  0.35355339059327440     
 -0.12496139718783865        6.2461424871476524E-002  0.35355339059327445     
 -0.12496001599942611        6.2460044114276275E-002  0.35355339059327451     
 -0.12495863596073378        6.2458664506408690E-002  0.35355339059327445     
 -0.12495725879600619        6.2457287771580154E-002  0.35355339059327445     
 -0.12495588622566933        6.2455915629679865E-002  0.35355339059327451     
 -0.12495451996418332        6.2454549794633142E-002  0.35355339059327451     
 -0.12495316171790362        6.2453191972263233E-002  0.35355339059327451     
 -0.12495181318295337        6.2451843858164477E-002  0.35355339059327451     
 -0.12495047604310970        6.2450507135589223E-002  0.35355339059327451     
 -0.12494915196770667        6.2449183473351259E-002  0.35355339059327451     
 -0.12494784260955683        6.2447874523748240E-002  0.35355339059327451     
 -0.12494654960289484        6.2446581920505874E-002  0.35355339059327451     
 -0.12494527456134510        6.2445307276746083E-002  0.35355339059327445     
 -0.12494401907591593        6.2444052182981914E-002  0.35355339059327445     
 -0.12494278471302300        6.2442818205141450E-002  0.35355339059327451     
 -0.12494157301254394        6.2441606882623249E-002  0.35355339059327451     
 -0.12494038548590733        6.2440419726385712E-002  0.35355339059327451     
 -0.12493922361421746        6.2439258217072482E-002  0.35355339059327451     
 -0.12493808884641777        6.2438123803176440E-002  0.35355339059327456     
 -0.12493698259749485        6.2437017899244315E-002  0.35355339059327462     
 -0.12493590624672549        6.2435941884124234E-002  0.35355339059327456     
 -0.12493486113596858        6.2434897099258077E-002  0.35355339059327456     
 -0.12493384856800398        6.2433884847020997E-002  0.35355339059327456     
 -0.12493286980492066        6.2432906389109949E-002  0.35355339059327456     
 -0.12493192606655562        6.2431962944983099E-002  0.35355339059327462     
 -0.12493101852898572        6.2431055690352136E-002  0.35355339059327462     
 -0.12493014832307410        6.2430185755729145E-002  0.35355339059327462     
 -0.12492931653307310        6.2429354225029890E-002  0.35355339059327462     
 -0.12492852419528505        6.2428562134235185E-002  0.35355339059327462     
 -0.12492777229678298        6.2427810470111700E-002  0.35355339059327462     
 -0.12492706177419209        6.2427100168994110E-002  0.35355339059327467     
 -0.12492639351253432        6.2426432115629774E-002  0.35355339059327462     
 -0.12492576834413639        6.2425807142087307E-002  0.35355339059327467     
 -0.12492518704760359        6.2425226026730528E-002  0.35355339059327467     
 -0.12492465034685971        6.2424689493258766E-002  0.35355339059327473     
 -0.12492415891025478        6.2424198209814812E-002  0.35355339059327479     
 -0.12492371334974148        6.2423752788161604E-002  0.35355339059327473     
 -0.12492331422012103        6.2423353782928424E-002  0.35355339059327479     
 -0.12492296201835985        6.2423001690927647E-002  0.35355339059327484     
 -0.12492265718297749        6.2422696950542908E-002  0.35355339059327479     
 -0.12492240009350654        6.2422439941189151E-002  0.35355339059327490     
 -0.12492219107002527        6.2422230982845481E-002  0.35355339059327484     
 -0.12492203037276370        6.2422070335661217E-002  0.35355339059327484     
 -0.12492191820178303        6.2421958199635599E-002  0.35355339059327479     
 -0.12492185469672952        6.2421894714371658E-002  0.35355339059327473     
 -0.12492183993666255        6.2421879958904247E-002  0.35355339059327473     
 -0.12492187393995738        6.2421913951602889E-002  0.35355339059327473     
 -0.12492195666428228        6.2421996650149039E-002  0.35355339059327473     
 -0.12492208800665097        6.2422127951588309E-002  0.35355339059327467     
 -0.12492226780354923        6.2422307692457102E-002  0.35355339059327467     
 -0.12492249583113604        6.2422535648983854E-002  0.35355339059327467     
 -0.12492277180551946        6.2422811537364495E-002  0.35355339059327473     
 -0.12492309538310578        6.2423135014111869E-002  0.35355339059327467     
 -0.12492346616102283        6.2423505676478648E-002  0.35355339059327467     
 -0.12492388367761595        6.2423923062953260E-002  0.35355339059327467     
 -0.12492434741301656        6.2424386653828254E-002  0.35355339059327473     
 -0.12492485678978245        6.2424895871840483E-002  0.35355339059327467     
 -0.12492541117360935        6.2425450082882264E-002  0.35355339059327467     
 -0.12492600987411229        6.2426048596782691E-002  0.35355339059327467     
 -0.12492665214567654        6.2426690668158265E-002  0.35355339059327462     
 -0.12492733718837673        6.2427375497331725E-002  0.35355339059327467     
 -0.12492806414896328        6.2428102231318089E-002  0.35355339059327467     
 -0.12492883212191448        6.2428869964876593E-002  0.35355339059327467     
 -0.12492964015055391        6.2429677741627623E-002  0.35355339059327462     
 -0.12493048722823079        6.2430524555232778E-002  0.35355339059327467     
 -0.12493137229956269        6.2431409350637138E-002  0.35355339059327467     
 -0.12493229426173867        6.2432331025372087E-002  0.35355339059327467     
 -0.12493325196588147        6.2433288430917090E-002  0.35355339059327462     
 -0.12493424421846723        6.2434280374118870E-002  0.35355339059327462     
 -0.12493526978280069        6.2435305618666240E-002  0.35355339059327467     
 -0.12493632738054450        6.2436362886618954E-002  0.35355339059327467     
 -0.12493741569330054        6.2437450859988530E-002  0.35355339059327467     
 -0.12493853336424154        6.2438568182369369E-002  0.35355339059327467     
 -0.12493967899979094        6.2439713460618065E-002  0.35355339059327467     
 -0.12494085117134898        6.2440885266578906E-002  0.35355339059327467     
 -0.12494204841706272        6.2442082138853688E-002  0.35355339059327462     
 -0.12494326924363856        6.2443302584613246E-002  0.35355339059327467     
 -0.12494451212819425        6.2444545081449046E-002  0.35355339059327467     
 -0.12494577552014834        6.2445808079262220E-002  0.35355339059327467     
 -0.12494705784314536        6.2447090002187927E-002  0.35355339059327473     
 -0.12494835749701357        6.2448389250552593E-002  0.35355339059327467     
 -0.12494967285975339        6.2449704202861792E-002  0.35355339059327473     
 -0.12495100228955400        6.2451033217816115E-002  0.35355339059327479     
 -0.12495234412683562        6.2452374636352830E-002  0.35355339059327479     
 -0.12495369669631474        6.2453726783710556E-002  0.35355339059327479     
 -0.12495505830909028        6.2455087971514653E-002  0.35355339059327484     
 -0.12495642726474748        6.2456456499880617E-002  0.35355339059327484     
 -0.12495780185347750        6.2457830659532872E-002  0.35355339059327484     
 -0.12495918035820971        6.2459208733936462E-002  0.35355339059327484     
 -0.12496056105675418        6.2460589001438908E-002  0.35355339059327484     
 -0.12496194222395171        6.2461969737419534E-002  0.35355339059327490     
 -0.12496332213382880        6.2463349216443642E-002  0.35355339059327490     
 -0.12496469906175453        6.2464725714418988E-002  0.35355339059327490     
 -0.12496607128659719        6.2466097510751523E-002  0.35355339059327490     
 -0.12496743709287751        6.2467462890498010E-002  0.35355339059327490     
 -0.12496879477291593        6.2468820146512664E-002  0.35355339059327484     
 -0.12497014262897145        6.2470167581585238E-002  0.35355339059327490     
 -0.12497147897536885        6.2471503510567600E-002  0.35355339059327479     
 -0.12497280214061192        6.2472826262486500E-002  0.35355339059327484     
 -0.12497411046948034        6.2474134182639404E-002  0.35355339059327490     
 -0.12497540232510676        6.2475425634671240E-002  0.35355339059327484     
 -0.12497667609103204        6.2476699002628942E-002  0.35355339059327484     
 -0.12497793017323612        6.2477952692991452E-002  0.35355339059327479     
 -0.12497916300214111        6.2479185136672583E-002  0.35355339059327479     
 -0.12498037303458535        6.2480394790994008E-002  0.35355339059327479     
 -0.12498155875576453        6.2481580141626067E-002  0.35355339059327479     
 -0.12498271868113833        6.2482739704493716E-002  0.35355339059327479     
 -0.12498385135829987        6.2483872027645368E-002  0.35355339059327479     
 -0.12498495536880529        6.2484975693081896E-002  0.35355339059327484     
 -0.12498602932996147        6.2486049318543888E-002  0.35355339059327484     
 -0.12498707189656960        6.2487091559254408E-002  0.35355339059327490     
 -0.12498808176262173        6.2488101109615293E-002  0.35355339059327495     
 -0.12498905766294897        6.2489076704854665E-002  0.35355339059327495     
 -0.12498999837481864        6.2490017122623608E-002  0.35355339059327490     
 -0.12499090271947830        6.2490921184539736E-002  0.35355339059327495     
 -0.12499176956364502        6.2491787757675901E-002  0.35355339059327490     
 -0.12499259782093745        6.2492615755991979E-002  0.35355339059327484     
 -0.12499338645324944        6.2493404141707801E-002  0.35355339059327484     
 -0.12499413447206255        6.2494151926615477E-002  0.35355339059327490     
 -0.12499484093969669        6.2494858173329539E-002  0.35355339059327495     
 -0.12499550497049661        6.2495521996472986E-002  0.35355339059327490     
 -0.12499612573195278        6.2496142563797978E-002  0.35355339059327495     
 -0.12499670244575557        6.2496719097239431E-002  0.35355339059327495     
 -0.12499723438878060        6.2497250873900304E-002  0.35355339059327490     
 -0.12499772089400489        6.2497737226967290E-002  0.35355339059327495     
 -0.12499816135135182        6.2498177546555553E-002  0.35355339059327490     
 -0.12499855520846408        6.2498571280481557E-002  0.35355339059327495     
 -0.12499890197140398        6.2498917934962844E-002  0.35355339059327490     
 -0.12499920120527930        6.2499217075243987E-002  0.35355339059327490     
 -0.12499945253479471        6.2499468326147674E-002  0.35355339059327495     
 -0.12499965564472761        6.2499671372550455E-002  0.35355339059327501     
 -0.12499981028032787        6.2499825959782269E-002  0.35355339059327495     
 -0.12499991624764076        6.2499931893949492E-002  0.35355339059327495     
 -0.12499997341375312        6.2499989042180695E-002  0.35355339059327490     
 -0.12499998170696185        6.2499997332795335E-002  0.35355339059327490     
 -0.12499994111686470        6.2499956755394478E-002  0.35355339059327490     
 -0.12499985169437373        6.2499867360874171E-002  0.35355339059327484     
 -0.12499971355165060        6.2499729261360736E-002  0.35355339059327484     
 -0.12499952686196424        6.2499542630068669E-002  0.35355339059327484     
 -0.12499929185947127        6.2499307701080913E-002  0.35355339059327484     
 -0.12499900883891896        6.2499024769052003E-002  0.35355339059327490     
 -0.12499867815527139        6.2498694188834428E-002  0.35355339059327490     
 -0.12499830022325957        6.2498316375028735E-002  0.35355339059327484     
 -0.12499787551685544        6.2497891801457879E-002  0.35355339059327490     
 -0.12499740456867117        6.2497421000566517E-002  0.35355339059327490     
 -0.12499688796928414        6.2496904562746355E-002  0.35355339059327490     
 -0.12499632636648843        6.2496343135587815E-002  0.35355339059327495     
 -0.12499572046447413        6.2495737423059632E-002  0.35355339059327495     
 -0.12499507102293539        6.2495088184617145E-002  0.35355339059327501     
 -0.12499437885610819        6.2494396234240482E-002  0.35355339059327495     
 -0.12499364483173948        6.2493662439403894E-002  0.35355339059327495     
 -0.12499286986998875        6.2492887719977783E-002  0.35355339059327501     
 -0.12499205494226362        6.2492073047064597E-002  0.35355339059327495     
 -0.12499120106999080        6.2491219441770225E-002  0.35355339059327495     
 -0.12499030932332442        6.2490327973912699E-002  0.35355339059327501     
 -0.12498938081979280        6.2489399760669445E-002  0.35355339059327501     
 -0.12498841672288616        6.2488435965165443E-002  0.35355339059327506     
 -0.12498741824058647        6.2487437795003486E-002  0.35355339059327506     
 -0.12498638662384184        6.2486406500739097E-002  0.35355339059327506     
 -0.12498532316498703        6.2485343374301519E-002  0.35355339059327506     
 -0.12498422919611249        6.2484249747363343E-002  0.35355339059327506     
 -0.12498310608738385        6.2483126989660492E-002  0.35355339059327501     
 -0.12498195524531405        6.2481976507264871E-002  0.35355339059327501     
 -0.12498077811099052        6.2480799740812082E-002  0.35355339059327501     
 -0.12497957615825930        6.2479598163686229E-002  0.35355339059327495     
 -0.12497835089186903        6.2478373280164409E-002  0.35355339059327495     
 -0.12497710384557652        6.2477126623522991E-002  0.35355339059327495     
 -0.12497583658021713        6.2475859754108409E-002  0.35355339059327501     
 -0.12497455068174165        6.2474574257374807E-002  0.35355339059327495     
 -0.12497324775922261        6.2473271741891039E-002  0.35355339059327495     
 -0.12497192944283272        6.2471953837319544E-002  0.35355339059327495     
 -0.12497059738179753        6.2470622192369846E-002  0.35355339059327490     
 -0.12496925324232544        6.2469278472729109E-002  0.35355339059327490     
 -0.12496789870551725        6.2467924358972367E-002  0.35355339059327490     
 -0.12496653546525828        6.2466561544455325E-002  0.35355339059327490     
 -0.12496516522609545        6.2465191733192087E-002  0.35355339059327490     
 -0.12496378970110210        6.2463816637720687E-002  0.35355339059327490     
 -0.12496241060973341        6.2462437976959058E-002  0.35355339059327484     
 -0.12496102967567463        6.2461057474054171E-002  0.35355339059327490     
 -0.12495964862468571        6.2459676854226966E-002  0.35355339059327479     
 -0.12495826918244371        6.2458297842615904E-002  0.35355339059327479     
 -0.12495689307238722        6.2456922162121710E-002  0.35355339059327479     
 -0.12495552201356429        6.2455551531256016E-002  0.35355339059327479     
 -0.12495415771848695        6.2454187661996771E-002  0.35355339059327484     
 -0.12495280189099538        6.2452832257652746E-002  0.35355339059327490     
 -0.12495145622413351        6.2451487010740075E-002  0.35355339059327490     
 -0.12495012239803957        6.2450153600873345E-002  0.35355339059327490     
 -0.12494880207785375        6.2448833692673851E-002  0.35355339059327484     
 -0.12494749691164540        6.2447528933697552E-002  0.35355339059327484     
 -0.12494620852836270        6.2446240952385365E-002  0.35355339059327484     
 -0.12494493853580724        6.2444971356038215E-002  0.35355339059327490     
 -0.12494368851863560        6.2443721728819401E-002  0.35355339059327484     
 -0.12494246003639096        6.2442493629786766E-002  0.35355339059327490     
 -0.12494125462156659        6.2441288590956816E-002  0.35355339059327490     
 -0.12494007377770414        6.2440108115403452E-002  0.35355339059327495     
 -0.12493891897752847        6.2438953675393510E-002  0.35355339059327490     
 -0.12493779166112154        6.2437826710561278E-002  0.35355339059327490     
 -0.12493669323413799        6.2436728626124351E-002  0.35355339059327490     
 -0.12493562506606347        6.2435660791142836E-002  0.35355339059327484     
 -0.12493458848851921        6.2434624536824197E-002  0.35355339059327490     
 -0.12493358479361368        6.2433621154875461E-002  0.35355339059327490     
 -0.12493261523234400        6.2432651895905203E-002  0.35355339059327495     
 -0.12493168101304877        6.2431717967876818E-002  0.35355339059327495     
 -0.12493078329991432        6.2430820534615156E-002  0.35355339059327495     
 -0.12492992321153598        6.2429960714368314E-002  0.35355339059327495     
 -0.12492910181953618        6.2429139578426114E-002  0.35355339059327501     
 -0.12492832014724112        6.2428358149797178E-002  0.35355339059327495     
 -0.12492757916841732        6.2427617401945953E-002  0.35355339059327501     
 -0.12492687980607005        6.2426918257591293E-002  0.35355339059327501     
 -0.12492622293130434        6.2426261587568047E-002  0.35355339059327506     
 -0.12492560936225060        6.2425648209752924E-002  0.35355339059327501     
 -0.12492503986305577        6.2425078888055874E-002  0.35355339059327501     
 -0.12492451514294131        6.2424554331478421E-002  0.35355339059327506     
 -0.12492403585532891        6.2424075193239725E-002  0.35355339059327501     
 -0.12492360259703558        6.2423642069971703E-002  0.35355339059327506     
 -0.12492321590753802        6.2423255500983883E-002  0.35355339059327506     
 -0.12492287626830828        6.2422915967599094E-002  0.35355339059327506     
 -0.12492258410222086        6.2422623892560716E-002  0.35355339059327506     
 -0.12492233977303172        6.2422379639512006E-002  0.35355339059327506     
 -0.12492214358493055        6.2422183512548399E-002  0.35355339059327501     
 -0.12492199578216630        6.2422035755843125E-002  0.35355339059327495     
 -0.12492189654874639        6.2421936553346602E-002  0.35355339059327495     
 -0.12492184600821023        6.2421886028559956E-002  0.35355339059327495     
 -0.12492184422347716        6.2421884244383052E-002  0.35355339059327501     
 -0.12492189119676909        6.2421931203037101E-002  0.35355339059327495     
 -0.12492198686960762        6.2422026846061802E-002  0.35355339059327495     
 -0.12492213112288607        6.2422171054387424E-002  0.35355339059327506     
 -0.12492232377701622        6.2422363648481326E-002  0.35355339059327506     
 -0.12492256459214914        6.2422604388568975E-002  0.35355339059327506     
 -0.12492285326847063        6.2422892974929020E-002  0.35355339059327506     
 -0.12492318944657031        6.2423229048262502E-002  0.35355339059327506     
 -0.12492357270788407        6.2423612190135071E-002  0.35355339059327506     
 -0.12492400257520962        6.2424041923492296E-002  0.35355339059327501     
 -0.12492447851329411        6.2424517713247279E-002  0.35355339059327501     
 -0.12492499992949356        6.2425038966939683E-002  0.35355339059327501     
 -0.12492556617450282        6.2425605035465778E-002  0.35355339059327495     
 -0.12492617654315588        6.2426215213878165E-002  0.35355339059327506     
 -0.12492683027529491        6.2426868742254712E-002  0.35355339059327501     
 -0.12492752655670733        6.2427564806635402E-002  0.35355339059327506     
 -0.12492826452012991        6.2428302540025973E-002  0.35355339059327501     
 -0.12492904324631836        6.2429081023467309E-002  0.35355339059327506     
 -0.12492986176518150        6.2429899287169258E-002  0.35355339059327495     
 -0.12493071905697857        6.2430756311707469E-002  0.35355339059327495     
 -0.12493161405357792        6.2431651029281832E-002  0.35355339059327501     
 -0.12493254563977621        6.2432582325035194E-002  0.35355339059327506     
 -0.12493351265467605        6.2433549038430555E-002  0.35355339059327506     
